t,reward,pos_rot_abs_0,pos_rot_abs_1,pos_rot_abs_2,vel_rot_abs_0,vel_rot_abs_1,vel_rot_abs_2,dv_0,dv_1,dv_2
0.0,-8.930895495504822e-05,0.8786680102347746,0.05550843849743511,-0.04638678207962153,0.029657077046716076,-0.1786626577331777,-0.11041816324352435,-0.00012760151919749893,0.0003233122657416444,0.0006021057175599556
0.01,-0.00011812671624265706,0.8789633512501659,0.053711988031891304,-0.04748199507578671,0.028334271158125195,-0.18210887905007137,-0.1066740825904863,-0.00011718778579542324,0.0003064096064080296,0.0005703061381808587
0.02,-0.00014788220355783303,0.8792458772662408,0.05187977105459144,-0.04854126647120541,0.02701946347673772,-0.18546295163013965,-0.10283858322047558,-0.00011330386967999337,0.0003052381771703967,0.0005536919419368526
0.03,-0.000175742287261827,0.8795157074934299,0.05001270398699395,-0.049563549458923564,0.025715084775376575,-0.18872290857094845,-0.09892070278400591,-0.00010772966159453404,0.00030119919925565195,0.0005291267464793998
0.04,-0.00020376377560436023,0.8797729015352143,0.048111759127891354,-0.05054771900125101,0.024423992272082317,-0.19188088182284765,-0.09491074077932812,-0.00010006528076473396,0.0003002084925057758,0.0005156536153388638
0.05,-0.00022882684191113392,0.8800175786024049,0.0461779087760189,-0.051492758096620295,0.02314213476791461,-0.1949419974694043,-0.0908258631041153,-9.693531496411424e-05,0.0002891795323609776,0.00048669794377809503
0.06,-0.00025439076362244344,0.880249798299105,0.04421224817333867,-0.05239759012989063,0.021871363758392763,-0.19789081812214634,-0.08665527401913797,-9.25811742192127e-05,0.0002885548945060106,0.000470517841264971
0.07,-0.00027850877585984323,0.8804696202290759,0.0422159247147105,-0.05326119065480271,0.020614841985412736,-0.20072448245456162,-0.08240574591274344,-8.560110707175887e-05,0.00028582022114748785,0.000449888219575213
0.08,-0.0003018838686420423,0.8806771039964923,0.04019009323083497,-0.05408250167890057,0.019368261061799827,-0.2034426331421756,-0.07807518545000629,-8.330184074817513e-05,0.00027844706901246157,0.0004339867467486769
0.09,-0.0003240733561085884,0.8808723092064757,0.03813599050785531,-0.05486052483008409,0.018134376096941983,-0.2060384751261975,-0.07366964959381088,-7.857831828296275e-05,0.00027279319666098,0.00041500982998731475
0.1,-0.0003456521706634689,0.8810552358633286,0.03605491667863034,-0.055594280362188046,0.016906011860031232,-0.20850652464179395,-0.06919039025272988,-8.12712788153506e-05,0.0002676941144184416,0.0003981228304582318
0.11,-0.0003657407134731845,0.8812259435666974,0.0339482463968178,-0.056282870469113885,0.0156926810770598,-0.21084088084560154,-0.06464584163002102,-7.467006549180405e-05,0.00026349738410243835,0.00037644417765106576
0.12,-0.00038641977449305366,0.8813844323157327,0.03181737289095175,-0.05692529677571613,0.01448570001066887,-0.21303778885173466,-0.06002500267771099,-7.68434957869009e-05,0.00025826707163866653,0.0003697813206087022
0.13,-0.00040546305546755796,0.8815307617182271,0.029663784418211003,-0.05752070993371457,0.013295140092061272,-0.2150909305458537,-0.055342782238841995,-6.90253336088114e-05,0.00025475525560775876,0.00035254926965865566
0.14,-0.0004230172566445956,0.8816649913789574,0.02748896742668263,-0.058068312705321305,0.012115634941563655,-0.21700215350657426,-0.05060602726166479,-6.646957335849221e-05,0.0002449071203990568,0.00033311844032423425
0.15,-0.0004406613968240481,0.8817870616910484,0.0252944994652296,-0.058567307908286376,0.010942516868100109,-0.21876227828374692,-0.04581243915792179,-6.844163947698709e-05,0.0002397888211771023,0.000320998256794142
0.16,-0.0004585860855112881,0.881897032260816,0.023082029070047555,-0.05901689455500829,0.009778537740784052,-0.22036319989222222,-0.040960777328132074,-6.753247334645593e-05,0.00023868939860297096,0.0003154335305482779
0.17,-0.0004744294233086303,0.8819948434828948,0.0208532046684924,-0.0594164356718726,0.008625796060258439,-0.22180855250756845,-0.03606808569145217,-6.423495868868478e-05,0.00022998904541298064,0.00029840011238635786
0.18,-0.0004904823588606619,0.8820804953573393,0.01860977152856381,-0.05976531282037815,0.007478195281007603,-0.2230886220548742,-0.031134708161496272,-6.673702273279046e-05,0.00022738578999766224,0.0002868877117110048
0.19,-0.0005062634508946037,0.8821539878833474,0.016353491679073247,-0.06006293744947173,0.0063411426291242225,-0.22420120225219808,-0.02616261350429412,-6.347662089301596e-05,0.00022368166432200497,0.00027953516244848806
0.2,-0.0005208895092446535,0.8822152614597232,0.014086160835013881,-0.060308851313282986,0.005209496214948655,-0.22514522055275946,-0.021165342866383222,-6.491633881942464e-05,0.0002180238432647906,0.0002649686248838335
0.21,-0.0005351348739426822,0.8822643160826769,0.011809571625178636,-0.060502614791746914,0.004083459323460889,-0.2259211538581222,-0.016144050365123057,-6.562432896840874e-05,0.00020930434600902972,0.00025577837611832693
0.22,-0.0005496747860579209,0.8823011517506951,0.009525628766372734,-0.06064387412800107,0.0029642980627783647,-0.22651714099862497,-0.011104752369990471,-6.463599382710554e-05,0.00021024000660647605,0.00024728107308910087
0.23,-0.0005641200420482673,0.8823257088670793,0.0072362180405004944,-0.06073231250274568,0.0018479655341799676,-0.22693538663162807,-0.006050986410140319,-6.715386928981973e-05,0.00020709440577718367,0.00024211116707888617
0.24,-0.0005775948250512618,0.8823379874205189,0.004943192025076332,-0.06076771763461597,0.0007392278285351835,-0.2271798851154474,-0.0009926840163575132,-6.428055841704882e-05,0.00019855491322376436,0.00023394642341348294
0.25,-0.0005915191111996328,0.8823379278185915,0.0026484748730429483,-0.06074994061774021,-0.0003689907381638109,-0.22724324444612196,0.004064836568136568,-6.791847153949175e-05,0.00019638290665752222,0.00022748560188010986
0.26,-0.0006052704608238542,0.8823255300459022,0.0003539894541294518,-0.06067891419144478,-0.0014729747802844154,-0.22712570439462737,0.00911481941990433,-6.726270095461063e-05,0.00019347582847023493,0.0002213196871365837
0.27,-0.0006189486759762676,0.8823007345193215,-0.0019383413811740855,-0.06055466086904322,-0.0025774038104619864,-0.22682708511220231,0.014148685154060144,-7.072179813803814e-05,0.0001906731217526721,0.00021360854472082512
0.28,-0.000633424517408031,0.8822635412185396,-0.004226589608123305,-0.06037722152785537,-0.0036793446746008654,-0.22634518172424878,0.019166488190956038,-7.068707307800062e-05,0.00019047148628013356,0.0002130040782065556
0.29,-0.0006462717335466129,0.8822139501564296,-0.006508910985757462,-0.060146831024534476,-0.004781540902902956,-0.22569060364050741,0.024148549831069593,-7.279024242196884e-05,0.00018047393203882354,0.00019957137685988307
0.3,-0.0006599900822860098,0.8821519017154407,-0.008783420597972038,-0.05986373873071613,-0.005882504411300689,-0.22485721085713747,0.02909503007988503,-7.290940188553393e-05,0.0001779657946193736,0.0001930895748568732
0.31,-0.0006748184459619397,0.8820773959029524,-0.011048254604461336,-0.05952819072483451,-0.006985690434198773,-0.22384518399655032,0.03400690534475746,-7.594797213888448e-05,0.00017695900278031788,0.00019435261320595204
0.32,-0.000690184198888482,0.8819903731325617,-0.013301548545487275,-0.05914054440069936,-0.008093928916191151,-0.22265428294111475,0.03887419418962442,-8.13993428383138e-05,0.0001782881174801766,0.0001921737598517036
0.33,-0.0007049675517888577,0.8818908333900807,-0.015541542347380994,-0.0587012655607532,-0.009204395129009788,-0.22129511857288586,0.043686188611582286,-8.355978569526406e-05,0.00017150800866627344,0.00018557877009663543
0.34,-0.0007205446999550356,0.8817787766360984,-0.01776648498546946,-0.05821085713108463,-0.010315293462206259,-0.21976673630175897,0.04844007688385673,-8.357184018033897e-05,0.00016876820812337717,0.000182268948290421
0.35000000000000003,-0.0007365417601436426,0.8816542029407747,-0.01997468242978826,-0.05766988924154737,-0.011432879619551788,-0.21807462010274856,0.05312906581514925,-8.947929810245776e-05,0.00016370146516361166,0.00017801581179836666
0.36,-0.0007543063759018854,0.8815171122557887,-0.022164415555943905,-0.057078938828344895,-0.012554886753315432,-0.2162134644564811,0.057753819949581134,-9.292561980439385e-05,0.0001676741292798096,0.00018010208468839355
0.37,-0.0007713822199503431,0.8813675045990226,-0.0243341326481154,-0.05643869185580056,-0.013680226170727276,-0.21420073452933067,0.06230286917547895,-9.500151449178962e-05,0.0001580889890143932,0.0001760132884410692
0.38,-0.000789666397777863,0.8812053799578216,-0.026482259762696043,-0.05574987463722637,-0.014808608259761963,-0.21203297369548063,0.06677271376433919,-9.668894734810116e-05,0.0001560968338766044,0.00017343629764302
0.39,-0.0008092769770283374,0.8810307383715092,-0.028607258635265885,-0.055013257838854655,-0.01594474725730199,-0.209712027763235,0.0711598841803359,-0.00010306893730801427,0.00015676849838995583,0.0001721421913718501
0.4,-0.0008294432752774443,0.8808436393743643,-0.03070768348444198,-0.05422965447168343,-0.0170867368178203,-0.20724690008495453,0.07545945078512291,-0.00010753765323273591,0.00015310783228215605,0.00017035018085009994
0.41000000000000003,-0.000850820469475929,0.8806440830227813,-0.03278212634356025,-0.053399898023702846,-0.018231278300546726,-0.20463955469482265,0.07966933400201139,-0.00010882673387813745,0.00015233751068171922,0.0001706072441968845
0.42,-0.0008732845424348708,0.8804321288733034,-0.03482924401705016,-0.052524871992540384,-0.019381826711654584,-0.2018961303779277,0.08378474458231974,-0.0001137300901278894,0.00015047904603511097,0.00016990588124829472
0.43,-0.0008974192882403806,0.880207717412183,-0.03684772558738513,-0.0516054669210251,-0.020539876049232644,-0.1990187758928951,0.08780476496115402,-0.000120391072399747,0.00015137804137860825,0.0001718266459516858
0.44,-0.0009219648191224478,0.8799709677450034,-0.03883637488409854,-0.05064264305148235,-0.021702522441864176,-0.19601899345897242,0.09172222737960331,-0.00012444261777466514,0.00014612918780667277,0.00016974908634887967
0.45,-0.000948058376364529,0.8797218203736736,-0.04079401131836802,-0.049637384683488106,-0.02287011031625153,-0.19289714095742924,0.09553482372047956,-0.00012926718851196994,0.0001456474060360027,0.0001682403507980086
0.46,-0.0009751733288674348,0.8794603943987176,-0.042719557889027295,-0.048590674798696325,-0.024040034043479964,-0.1896633503192462,0.09924225490065591,-0.00013189091792337879,0.00014050850729899317,0.00016904904702022352
0.47000000000000003,-0.0010044074980598288,0.8791867494480756,-0.044611930794579285,-0.0475035048949984,-0.025215553130813674,-0.18631595374909685,0.1028436273407228,-0.00013833825045849512,0.00014226200950035971,0.00017132698167080873
0.48,-0.001035001838174689,0.8789008259440341,-0.04647013915469449,-0.046376891665774383,-0.026399105698386254,-0.18286424880323124,0.10633578867947714,-0.000147803294539823,0.0001398870840599583,0.00017254021758272893
0.49,-0.0010664545463073283,0.8786027431942971,-0.0482932701609817,-0.04521188519851147,-0.027581349069833,-0.17931556734185292,0.10971618432904869,-0.00014855918885126832,0.0001355157178998921,0.00017296493913527032
0.5,-0.0010996287647432386,0.878292560629047,-0.05008042962475911,-0.04400955476404912,-0.02876466326739982,-0.17567241177334764,0.1129826308166843,-0.00015243835103922904,0.0001338073568029619,0.00017273685977403858
0.51,-0.001135607033722589,0.877970337856551,-0.051830727715666366,-0.04277092234610256,-0.029952757093946392,-0.17193388939029722,0.11614019438940326,-0.00016083066534722931,0.00013814946950720697,0.0001789915529894885
0.52,-0.0011720987727443701,0.8776361346235976,-0.05354341106433109,-0.04149708523057169,-0.03114010770137924,-0.16811448344930294,0.11918094769980853,-0.0001645136815125957,0.00013304917634914505,0.00017836598877712904
0.53,-0.0012108568015251127,0.8772900104503754,-0.05521774663370004,-0.04018910203444639,-0.032326564245542005,-0.1642156833835582,0.1221094432432819,-0.00016888052838469084,0.00013134080369013945,0.00018323931086983925
0.54,-0.0012519710854972763,0.8769319652998779,-0.05685300002838582,-0.03884807215958902,-0.03351888800908968,-0.16023850483489455,0.1249223654774507,-0.00018098568914025126,0.00013337507400550932,0.0001854987873212494
0.55,-0.0012938553507672692,0.8765621781745079,-0.0584485269255399,-0.037475139177413574,-0.03470326219219855,-0.15619188593784772,0.12761627120445806,-0.0001802706605301882,0.00013131235518816322,0.00018472541100714973
0.56,-0.0013382082351425123,0.8761806488480188,-0.060003731440854385,-0.03607140868752287,-0.03588854147956817,-0.1520813103905405,0.13019400872563797,-0.0001893882417097173,0.00012822732275531847,0.0001871387997413264
0.5700000000000001,-0.0013843660983153476,0.8757874965095886,-0.06151804326548864,-0.03463800970176703,-0.03706846386319091,-0.14790874770815804,0.13265550149949518,-0.00019328123102335722,0.00012764106064570602,0.00018964803836918145
0.58,-0.0014320462945694454,0.8753828406379732,-0.06299095596456232,-0.033176079310079,-0.038237288594563754,-0.14368188400708604,0.135001003718636,-0.00019246067042026142,0.0001238188078686774,0.0001923852022831583
0.59,-0.0014835444781793935,0.8749668002625004,-0.06442194437911641,-0.031686667382602396,-0.039405927020428194,-0.1393976208402836,0.13723929210938104,-0.00020356161117993535,0.0001272842821025547,0.00020396755360563548
0.6,-0.0015359583995400235,0.8745394348402337,-0.06581056126570699,-0.030170941767527708,-0.040566600816694554,-0.13506579359800308,0.13936020422263534,-0.0002079858418093473,0.0001249391454014843,0.00020506188571615546
0.61,-0.0015912179072974536,0.874100804288663,-0.06715636696992905,-0.028630038813350023,-0.041722450437178905,-0.13068705796792215,0.1413683594437002,-0.00021663897411274731,0.0001257907924744543,0.00021042688122405463
0.62,-0.0016477527277074158,0.8736510872947068,-0.06845898179065643,-0.027065157604446832,-0.04286559671778329,-0.1262692216031002,0.14325948077757444,-0.0002185255686621081,0.00012272034115666403,0.00021094519167852823
0.63,-0.001707448379144903,0.873190403072116,-0.06971801820810102,-0.025477442507381216,-0.0439992621708439,-0.12181032489798921,0.14504012433122687,-0.0002247483209373522,0.00012537806041300532,0.00021745154829903203
0.64,-0.001769404659057477,0.8727188706867732,-0.07093314817354149,-0.023868054045120643,-0.04512452335318501,-0.1173174454596887,0.1467100234285134,-0.00023308777412788198,0.0001243152335830348,0.00022300950600122137
0.65,-0.001834135744826397,0.8722366094460439,-0.07210403678961579,-0.02223813381533076,-0.0462375841661485,-0.11278981702198387,0.14827366170216166,-0.00023869380898898946,0.00012761976827571208,0.0002323211612529517
0.66,-0.0019005396238179926,0.871743798246441,-0.07323047520822827,-0.020588854486722673,-0.04733861235595821,-0.10824001632305873,0.14972759781267989,-0.0002454165979431753,0.00012165808901896496,0.00023730382992275632
0.67,-0.0019691416190954773,0.8712405562172114,-0.07431222484153578,-0.018921405213440188,-0.048422530267886586,-0.10366684950455997,0.15107294902724533,-0.00024807901507312646,0.0001201770080656034,0.0002424108230885744
0.68,-0.0020406838594610194,0.8707270621775982,-0.07534904060721855,-0.017236990960014697,-0.049494355919007,-0.09906936406489673,0.15231108677626778,-0.0002567806513299731,0.0001226680235870337,0.00024782990191283476
0.6900000000000001,-0.0021141108198671236,0.8702034950664145,-0.0763407124364958,-0.015536822913802806,-0.05054689201306769,-0.09445292486100092,0.15344220365644873,-0.00025927263958854327,0.00012290286420945534,0.00025227487962837554
0.7000000000000001,-0.0021896542461872417,0.8696700930347085,-0.07728713760691852,-0.013822078999233288,-0.05157870804990197,-0.08982533950932699,0.1544700714472256,-0.0002611671393101991,0.00011829826903917172,0.0002592915535465475
0.71,-0.0022680556605410617,0.8691269755997988,-0.07818811395635919,-0.012093996246408237,-0.052594341345823505,-0.08518029004767079,0.1553930639026871,-0.00026857505102981325,0.00012281037093021314,0.00026338840580453796
0.72,-0.0023488033129743283,0.8685744403966216,-0.07904356690651816,-0.010353701991602592,-0.05358807369278509,-0.08052719397748762,0.15622134495885195,-0.00027095192351052485,0.00012090293304203453,0.00027643811659560524
0.73,-0.0024314960098797164,0.8680126666541423,-0.07985339329410793,-0.008602433037167172,-0.054563328662941016,-0.07586617048455699,0.15694652492516595,-0.0002775885651304552,0.00012143842124324794,0.000279636300302502
0.74,-0.0025178790131715986,0.8674417734887097,-0.08061746497166511,-0.006841315286398305,-0.05552060897831833,-0.071191914074579,0.1575824616857442,-0.0002854272783791822,0.00012991430494973868,0.00029540763942962825
0.75,-0.002604792262583418,0.866862118117925,-0.08133577588073473,-0.00507155926882946,-0.05645078426114617,-0.06651879031849184,0.1581195146603625,-0.00028479968451924063,0.00012668445268593483,0.0002999818210753118
0.76,-0.002694030038916368,0.866273879976965,-0.08200834703077009,-0.003294348379636384,-0.05735978480013109,-0.06184876332375852,0.15856100623122363,-0.0002906592911350239,0.00012400567739345814,0.0003063172207809351
0.77,-0.0027849279153940704,0.86567735671413,-0.08263517902595811,-0.0015108771082104379,-0.05824107673816835,-0.05718058731453163,0.1589083671376347,-0.0002905607465576244,0.00012497144305791146,0.0003124811638360829
0.78,-0.002878566203365365,0.8650727272420793,-0.08321625726313396,0.00027768333452448876,-0.05910156671561084,-0.05251199370297492,0.1591657400546688,-0.0002979127874039882,0.00013060711701063014,0.0003211858021858835
0.79,-0.002973980078590081,0.8644602298202172,-0.0837516936207055,0.0020702472908973035,-0.059941902759003754,-0.04785371148213391,0.15933948748861976,-0.0003061605644989514,0.0001278870331520325,0.0003346843363408209
0.8,-0.0030705941035756375,0.863840162686741,-0.08424156924413939,0.003865672957981182,-0.06075791272021507,-0.04320395365389101,0.1594258695557334,-0.0003105749605380148,0.00012916079252706306,0.0003427427327901858
0.81,-0.003168170595454322,0.86321282374755,-0.08468598131233245,0.005662803280668578,-0.06154207138007892,-0.03856379180461272,0.15942420070054553,-0.0003078184554213498,0.00013169465565423903,0.0003483666743211262
0.8200000000000001,-0.003268635308822502,0.8625783323135842,-0.08508503445831815,0.007460570002816387,-0.06230977175813734,-0.033933405033758315,0.15934401748306573,-0.00032060915413824825,0.00013602826728058106,0.0003618507697494413
0.8300000000000001,-0.003368285860961946,0.861937105606827,-0.08543895191421327,0.009257891019009978,-0.06304009266362146,-0.0293234639308861,0.15918093917916637,-0.0003125595560526088,0.0001320499692207549,0.00036917470373608866
0.84,-0.0034711869513648808,0.8612893223540024,-0.08574781554564326,0.01105370835039246,-0.06375212963797734,-0.024720197953294623,0.15894250572555227,-0.00032374755901509196,0.0001437661162808293,0.0003822974027267046
0.85,-0.0035740970827713636,0.8606353401841657,-0.0860118493572345,0.012847017721532098,-0.06443480397763582,-0.02013606422945295,0.15863011777623104,-0.00032378899278396825,0.00014514016817410144,0.00039508913017786404
0.86,-0.003676761228496269,0.8599754572647578,-0.08623127649441667,0.0146367295559118,-0.0650854855385245,-0.015573804111867477,0.15823534130695152,-0.00032120419996544417,0.00014577019496794075,0.0003975284669967063
0.87,-0.0037808394318314094,0.8593099116636062,-0.08640634997601333,0.016421895971913056,-0.06570810083885432,-0.011033003247865117,0.15777127446845274,-0.00032236154696361786,0.0001487007511762049,0.0004112997181890108
0.88,-0.003884443799675692,0.8586390613932555,-0.08653728660549143,0.018201449759207962,-0.06629946824996333,-0.006513362038002048,0.1572278141885845,-0.00032028687757997676,0.00015378324568497017,0.0004130089037674976
0.89,-0.003988876294044716,0.8579632042719356,-0.08662439137096263,0.019974494694267,-0.06686256814787142,-0.002019529604738078,0.15661856537756796,-0.00032086141842367383,0.00015611150774855488,0.00042655237633955416
0.9,-0.004094299652023561,0.857282519327656,-0.08666798490082425,0.021740226119671465,-0.06740263093691745,0.0024520108671833504,0.15595322853709126,-0.0003262007690346309,0.00016361866995289094,0.00044806185557567187
0.91,-0.004198862585913786,0.8565973043683036,-0.08666849159998684,0.023497872014102583,-0.06792083387233942,0.006889695342003621,0.15523000059044392,-0.0003320942588589752,0.00016134146091814448,0.0004660344058753872
0.92,-0.004300912811578258,0.8559079169308126,-0.08662609008901322,0.025246308103725853,-0.06840016707044722,0.011304433716732613,0.1544211506497547,-0.00032097768074332327,0.0001715026570568882,0.0004540789212792029
0.93,-0.004403870191102912,0.8552145957934194,-0.0865412353827873,0.026984772872545318,-0.06885378054494973,0.01568197577523353,0.15355327714184358,-0.0003223558769005658,0.0001689917761731762,0.0004669291851023346
0.9400000000000001,-0.004506102148632612,0.8545175791192523,-0.08641428515554488,0.02871246406407027,-0.06927926836432176,0.020030194921967337,0.15262621633343698,-0.000320768247507854,0.00017574940988988693,0.0004776998268233272
0.9500000000000001,-0.004608124005008643,0.8538172244675516,-0.08624558888898133,0.030428674431192394,-0.06967738288259734,0.02435159154573005,0.15164852147280966,-0.0003193090538442143,0.00018658918351194693,0.0004952010710439956
0.96,-0.004708210242884142,0.8531137705047696,-0.08603554959341507,0.03213266577072199,-0.07004383974379033,0.028639668618609927,0.15061470862445003,-0.00031291366275747304,0.0001923179801482738,0.0005052977623591254
0.97,-0.004806974879688388,0.852407515055856,-0.08578458412646081,0.03382370586116382,-0.07038276624638698,0.03289228303201029,0.1495233028031429,-0.00030997541812578843,0.00019715757721580293,0.0005119664886914704
0.98,-0.004904436168364307,0.8516987562606728,-0.08549311030844668,0.03550110094074169,-0.0706927997208794,0.03710943081677538,0.1483782679136286,-0.0003049361465619522,0.00020331403950885892,0.000520623797569867
0.99,-0.00500141112660225,0.8509876132666475,-0.08516156637293676,0.03716423363447412,-0.07098739609223291,0.041290696359104956,0.14718481901937636,-0.00031253062959762766,0.0002099186233500962,0.0005325579828535287
1.0,-0.005094704556505747,0.8502745031996314,-0.08479032652760346,0.038812342961009674,-0.0712403881751914,0.04543596116514245,0.14592967916936592,-0.0002933488190567042,0.00021772811798017992,0.0005291023392952792
1.01,-0.0051890516899763635,0.849559664701747,-0.08437981489464146,0.04044497024838876,-0.07146827146372213,0.04955219894506233,0.14464244236714538,-0.00028972198722500747,0.0002335720645801048,0.000553372865018254
1.02,-0.005280766293208683,0.8488432763661515,-0.08393054449521874,0.04206162740178842,-0.07167617969762995,0.0536266528485306,0.14331448075715178,-0.0002902359651733276,0.00023755721405957825,0.0005670510308655152
1.03,-0.005369133479333242,0.8481256366522375,-0.08344297091458223,0.04366168403901353,-0.0718526542938201,0.05765825166219448,0.14193153348232995,-0.0002784940044392178,0.0002414851182528482,0.0005643448377432418
1.04,-0.005458731585701381,0.8474069237860253,-0.08291748148678807,0.04524471936349816,-0.0720136611967873,0.061662611006246565,0.14051905257689995,-0.0002817781359866486,0.0002616627348554315,0.0005851060427528364
1.05,-0.005543880219846016,0.8466874360003707,-0.08235464991689795,0.04681031059530332,-0.07214067119651334,0.06561767306212392,0.1390657872887009,-0.0002654814879155363,0.0002606854628542734,0.0005926175387961124
1.06,-0.0056272052407185845,0.8459674119902442,-0.08175487810179713,0.048357878221549966,-0.0722405386264441,0.0695338176624718,0.13756206613764016,-0.00025524362864771824,0.00027081034251336106,0.0005882600486983462
1.07,-0.005710697628687888,0.845247089793839,-0.08111857626267838,0.0498870770112473,-0.07231648254200691,0.0734188481168187,0.1360315532000897,-0.0002472804938384764,0.0002893920897784866,0.0006054922176490783
1.08,-0.005791872851426135,0.8445267081702823,-0.08044627323389407,0.05139762172728925,-0.07237010423866609,0.07726072535063201,0.1344736365421883,-0.00023980235881890363,0.0002965932526855029,0.0006200977707165679
1.09,-0.005869830604691321,0.8438065650251525,-0.0797383337375852,0.052888977807256946,-0.072389557881162,0.08106499173279813,0.13286741060075058,-0.00021976897317589755,0.0003098997803842807,0.0006115404964831306
1.1,-0.005948098707194605,0.8430868981890407,-0.07899513107729626,0.05436081760256106,-0.07238299413579335,0.08483790587990692,0.13123419870235417,-0.00020700619156896187,0.00032996290200101863,0.0006221789709614373
1.11,-0.006023819725255529,0.8423678872693938,-0.07821724590921099,0.055812885239541296,-0.07235530722885404,0.08855956071803037,0.12957006666869705,-0.00019803835421419415,0.00033051093207608857,0.0006268135476331008
1.12,-0.006098373303632191,0.8416497707534027,-0.07740508014174387,0.05724479630038193,-0.07230623072912304,0.09224092218727173,0.12786868215196323,-0.0001879542339244195,0.0003423814257411323,0.0006229120063562935
1.1300000000000001,-0.006171698644850314,0.8409327863908298,-0.07655910413175653,0.058656231466481086,-0.0722352115132111,0.09587680531781037,0.1261319517453612,-0.0001764161151312869,0.00034930650533278155,0.0006187654667917578
1.1400000000000001,-0.006246990207089813,0.8402171134364065,-0.07567972715641103,0.06004718326081571,-0.07213937426636961,0.09948574745457452,0.1243974488926346,-0.00016099080946504723,0.00037522199504434745,0.0006502488204213071
1.1500000000000001,-0.006318400212080234,0.8395029904419874,-0.07476735833444931,0.06141730035294911,-0.07202193171542262,0.10305058210162686,0.122623741977687,-0.00014800300153266152,0.0003841702252535333,0.0006380890678467327
1.16,-0.006389873077952706,0.8387906549272359,-0.07382246102051838,0.06276638019959459,-0.07187659283491737,0.10657095178113449,0.12082465746667995,-0.0001278508903182158,0.00039303251388565785,0.0006377092755417915
1.17,-0.006464369407387316,0.8380802870559911,-0.07284527299302664,0.06409432792434291,-0.0717152579642216,0.11007391669624005,0.11902259298876751,-0.00011891674033351563,0.0004290858514489357,0.0006576738376654239
1.18,-0.006534878465770529,0.8373721238837335,-0.07183629307136241,0.06540086844036912,-0.07152984983881736,0.1135225219744099,0.11718231454036539,-0.00010109086657940618,0.0004283933525307929,0.0006403678483457891
1.19,-0.006608303257113806,0.836666345593243,-0.07079591622803826,0.0666859079602832,-0.07132492997179715,0.11693453067176861,0.11532831159268511,-8.705637832878658e-05,0.00044543329710325824,0.0006456010669343088
1.2,-0.006681465870463725,0.8359631893604844,-0.06972450021284318,0.06794924890457141,-0.07109521975517125,0.12030618638846644,0.11344917145916425,-6.711867404808779e-05,0.00045891084899242376,0.0006374745618312261
1.21,-0.006756332682908996,0.8352628352985411,-0.06862241809110822,0.06919074077035947,-0.07084967280473631,0.12363832424278023,0.11154880370163416,-5.54913656188325e-05,0.0004731712663598956,0.0006313669403639389
1.22,-0.006831158118783341,0.834565639328358,-0.06749006328239524,0.07041020003775308,-0.07056824063594841,0.12692445504731978,0.10962108558037231,-2.324425600915461e-05,0.0004812775226252126,0.0006173290655567392
1.23,-0.006909905340164843,0.8338716030728835,-0.06632792956843701,0.07160768584646554,-0.070282629983102,0.13016575542470962,0.1076896264824037,-2.1899828472098685e-05,0.0004902644809455525,0.0006252906697175475
1.24,-0.0069906065362287904,0.8331810828844167,-0.06513618678699518,0.07278300826771188,-0.06996527287204643,0.13338226095092856,0.10573878131862002,7.2481677239566655e-06,0.0005194315362163839,0.0006158313276385605
1.25,-0.007073131762154408,0.8324943184282086,-0.06391526793843694,0.07393616417845612,-0.06962353039634853,0.13655358568305145,0.10377766932793862,2.962061202626689e-05,0.0005283851704874636,0.0006139903522364651
1.26,-0.007158827835304461,0.8318115470746816,-0.06266552217148036,0.07506711748963871,-0.06925742235533267,0.13968670391727528,0.10180603703956942,5.2386083557789346e-05,0.0005444536828136967,0.0006104378797498702
1.27,-0.007248790625805359,0.8311329483310967,-0.06138724448394288,0.07617586808947574,-0.06887538667873452,0.14278709887620067,0.09982919701407098,6.702666037245543e-05,0.000565822366486516,0.0006108268946908857
1.28,-0.007340206638177475,0.8304588197117965,-0.06008080413801223,0.07726227492267643,-0.06846284874380401,0.14583975131254961,0.09782713640089757,9.655506563129395e-05,0.0005724157044218242,0.0005898973976594952
1.29,-0.007437403186273317,0.8297893405022273,-0.05874636049325768,0.07832616592209195,-0.06803280203330683,0.14886337572931924,0.09580533202180258,0.00011309245121776852,0.0005975054549591584,0.0005731617550625187
1.3,-0.0075376269251778176,0.829124688962993,-0.05738429688229467,0.07936742186841506,-0.06758510428534589,0.15183651455667477,0.09375845649110906,0.00013000743477215848,0.0006010749380175591,0.0005500348290256443
1.31,-0.007645146589891661,0.8284651041224327,-0.05599478276077916,0.08038596712270575,-0.06711325899158392,0.15478307012325856,0.09170319146240627,0.00015337223527077292,0.0006285408689531579,0.0005425635979635984
1.32,-0.007755913985892717,0.8278107645656275,-0.05457831932560818,0.08138185722155226,-0.06662651901774552,0.15767276329990354,0.08963719010189077,0.00016779972810239933,0.000625653200903498,0.0005320570812444315
1.33,-0.007873757377476321,0.8271619675753527,-0.05313512702437728,0.08235502188796813,-0.06611011874247501,0.1605295541711968,0.08756002032222787,0.00019688144429324267,0.0006469179991845588,0.0005203590209048644
1.34,-0.007996515243816452,0.8265189529729815,-0.05166548859198567,0.08330535822466967,-0.06556901975537567,0.1633442046630235,0.08546461910389773,0.00022092303000634237,0.000659061081775893,0.0005009815347083359
1.35,-0.008127389284755275,0.8258819579260035,-0.050169505110686144,0.0842327624451572,-0.06500334404446728,0.1661350723579666,0.08335989713077974,0.00024447358447980254,0.0006894822522862289,0.0004899558811296519
1.36,-0.008261753997624948,0.8252511618571909,-0.04864762365969299,0.08513713739550662,-0.06442184612214022,0.16886573956562617,0.08122979104428621,0.00025929373759577576,0.0006834892687735529,0.00046259467588710023
1.37,-0.008405185386224619,0.8246268031795944,-0.04710009323345356,0.08601840566919504,-0.06381614480400567,0.17155742666999965,0.07908657192900756,0.0002822351925609864,0.0006987769453298484,0.0004472655048627662
1.3800000000000001,-0.008555724952025166,0.8240091796121296,-0.04552713404043564,0.086876451946513,-0.06318283800384462,0.17421031021446842,0.0769260898199231,0.00030819689775695466,0.0007144052833175688,0.000427652839072075
1.3900000000000001,-0.008713211559955972,0.8233984706569955,-0.043928999480914804,0.08771110257245956,-0.0625277380141222,0.17681956291808743,0.07474260032994332,0.00032796895573131526,0.0007252615727485917,0.0004022811734337197
1.4000000000000001,-0.00887922159426593,0.8227949739959306,-0.042305983613650955,0.08852232849038096,-0.06184877034388616,0.17938572188327123,0.07255026694826013,0.0003494563313441206,0.0007368278375027075,0.00039124487905127986
1.41,-0.009052684068597905,0.8221988679285092,-0.04065831360662714,0.08930991579517612,-0.061146642398325284,0.18190824937207015,0.07033104466704927,0.00036972628270973677,0.0007478947005485051,0.00036236558871739777
1.42,-0.00923545242197834,0.8216102718555103,-0.03898622826834776,0.09007374146021621,-0.060431407100583284,0.1843902469466756,0.06809766587751212,0.0003794369201961996,0.0007620174743568394,0.0003465833493175593
1.43,-0.00942663651090935,0.8210295437951742,-0.037289898921888116,0.09081353310680292,-0.05968330414455607,0.1868318325395077,0.06583374740913164,0.00040823539433741196,0.0007765815655563194,0.0003147965890320739
1.44,-0.009626343137351345,0.8204568625860073,-0.03556957072730553,0.09152910749711742,-0.058912682766479166,0.18922889231770804,0.06354787216292157,0.000426082415509707,0.0007869748718652,0.0002921472274680583
1.45,-0.0098344085600749,0.8198925854212229,-0.033825587350904025,0.0922203203158429,-0.0581057760338201,0.19157332171836228,0.061240964000562816,0.0004571606607847894,0.0007899660882619773,0.0002711329296238766
1.46,-0.010052377918342731,0.8193368314594762,-0.032058153229208575,0.09288696193359804,-0.05728941433980682,0.19387799401336822,0.05891458712970681,0.0004606791873052368,0.0008056283777789449,0.00025240994642442975
1.47,-0.010278222375778502,0.8187897797651279,-0.030267724936022145,0.09352887296086618,-0.056450657466560895,0.1961181761828443,0.056563720312994004,0.00047673207430022277,0.0007967788331968252,0.00022957167055567585
1.48,-0.010516136174180858,0.8182516692301601,-0.028454395085812864,0.09414574501311018,-0.055587605294437625,0.19832569470932224,0.054185926982723606,0.0004937381286911806,0.0008201047520565841,0.00020510404300149208
1.49,-0.010763272494100638,0.8177227379647634,-0.02661830185044889,0.09473720087072386,-0.054699830867426025,0.200493873366649,0.05177268770666092,0.0005102735767914744,0.0008368215471089563,0.00017296405674783956
1.5,-0.011019395146325245,0.8172032232282885,-0.024759752554107256,0.09530296218121714,-0.05378741142677928,0.20261031363480247,0.049330383609415406,0.0005260187024759092,0.000841670043576743,0.0001482395501705844
1.51,-0.011284161258292354,0.8166933660209732,-0.02287917939133015,0.0958427563888405,-0.052848296100393405,0.20466274123997943,0.04685615020394434,0.0005432608459825841,0.0008343149855534883,0.00012177603850605596
1.52,-0.01156179973061239,0.8161934613143944,-0.020976662539628887,0.09635624228826858,-0.05187541281938091,0.20668602084993284,0.044357717097071786,0.0005664756382482286,0.0008625031039473651,0.00010405226103134203
1.53,-0.011845395612290168,0.8157036894248009,-0.019052714043743844,0.09684310135115824,-0.05088579968985599,0.20863610399678661,0.04182035879247882,0.0005722139229018245,0.0008468593863614495,7.278121191106613e-05
1.54,-0.012141628741825445,0.8152242901165964,-0.017107619074799105,0.09730303964304286,-0.049868582775023026,0.21053993716016067,0.03926072575856524,0.0005879950809631209,0.000858635776921065,5.930870643646426e-05
1.55,-0.012448233554554215,0.8147555588264175,-0.01514153714207769,0.0977355550440901,-0.048816845548596485,0.21240186807884293,0.03665548616104622,0.0006097187823563326,0.0008751806250501346,2.3537586471977954e-05
1.56,-0.012761801181770114,0.814297556974148,-0.013155047771737462,0.0981403452167904,-0.04775786294188411,0.2141879795118609,0.034018059038012936,0.0006037918652512425,0.0008581467099135252,2.398592008037583e-06
1.57,-0.01308930198598611,0.8138504620952708,-0.011148357635235466,0.09851700776533677,-0.046677268921241896,0.21593457571165592,0.03135159563749794,0.0006113161281776523,0.0008777007970702711,-1.4530915046079103e-05
1.58,-0.013425259503490558,0.813414513781713,-0.009121904887365959,0.09886508498105269,-0.04556931768695001,0.2176160206922688,0.0286394585744678,0.0006240131362711632,0.0008721140440765414,-4.703948928159112e-05
1.59,-0.0137701619178107,0.8129898320337489,-0.007076303422181636,0.09918425200804033,-0.044448137352417316,0.21922099527224406,0.025896720756532238,0.0006222756278777445,0.0008556138304227431,-6.335143228673188e-05
1.6,-0.014127964922137472,0.8125768307290414,-0.0050118410180017905,0.09947396856341732,-0.04328613556629248,0.22077602258978152,0.023107350031536224,0.0006473604693287946,0.0008665201902534328,-9.480511489839089e-05
1.61,-0.014495499556820031,0.8121755721796913,-0.0029288410437149914,0.0997337546399182,-0.04211287200851941,0.22228151630555487,0.020281558642329583,0.0006422064931991442,0.0008779267209513749,-0.000115169030785481
1.62,-0.014872499186716672,0.8117861144817289,-0.0008277983128641671,0.09996306201031648,-0.04092658975698402,0.22371822557072008,0.017405213309162972,0.0006384256341051288,0.0008707052902416569,-0.00014885751472093226
1.6300000000000001,-0.015259779672642524,0.8114087575014184,0.0012907114038743523,0.1001614101809914,-0.03971032683590675,0.22508239467100336,0.014485407408780345,0.0006513343701299912,0.0008603706965778358,-0.0001746931699526333
1.6400000000000001,-0.015657793035806857,0.81104374010802,0.00342616909130938,0.10032840876698948,-0.038470588118808845,0.22638452235437842,0.011537792720660758,0.0006573598156176098,0.0008611663965322515,-0.00018419497966768093
1.6500000000000001,-0.016066588266671414,0.8106911786130262,0.0055780929765114,0.10046353960301563,-0.03721334643295316,0.2276262633835461,0.008550878293638209,0.000657056603186106,0.0008640531453197915,-0.0002046589510729532
1.6600000000000001,-0.016486770304933288,0.8103514319107374,0.007746038800566443,0.10056625359287448,-0.03591877349500857,0.22881120413436196,0.0055214417189886535,0.0006761791315145785,0.0008715123734424838,-0.00022793586642818703
1.67,-0.016915457103512135,0.8100244989105223,0.00992936825066416,0.10063611040980351,-0.03461823379494851,0.22992432316979203,0.00245835362242975,0.0006638753491996568,0.0008642255967026558,-0.00024200844755817844
1.68,-0.017354771736222963,0.8097105037583762,0.01212738479922532,0.10067261085502058,-0.033309366186668465,0.23095881698006274,-0.0006455813261646813,0.00065406148147856,0.0008507794557821,-0.00026308561043473735
1.69,-0.017807677527940116,0.8094096772174609,0.014339656738711026,0.10067512793131268,-0.031969915473084885,0.23194044836761454,-0.0037962277597332894,0.000666211726024515,0.0008637462745301234,-0.00029000900104002737
1.7,-0.018267021241513335,0.8091221452693201,0.01656525941598396,0.10064322534184908,-0.03061843559331165,0.23282486239588773,-0.006985937434496669,0.0006603542948913777,0.0008331225020010492,-0.00030933782823515615
1.71,-0.018739107964466532,0.8088477847747264,0.018803540178037655,0.10057640787744164,-0.02927366491355087,0.23363971720382035,-0.010210782870341481,0.000635977837075148,0.0008301272650973569,-0.0003249857694902516
1.72,-0.019224279744774975,0.8085870151180815,0.021053878419184928,0.10047413443217362,-0.027891326258897658,0.2343896031986262,-0.01347347655761794,0.0006559954030585422,0.000833065215455768,-0.0003437223112614383
1.73,-0.019718642791364264,0.808339894849053,0.023315498711705948,0.10033592600951821,-0.02649552493488079,0.23506134760972963,-0.01677031983679815,0.0006523633822520137,0.0008232303821947259,-0.0003592730691252471
1.74,-0.02022579258822591,0.8081065426691919,0.025587769618852237,0.10016129863558458,-0.025090820283385426,0.23567068835510496,-0.020097434336743547,0.0006444394245408079,0.0008298448815322535,-0.0003716032130120799
1.75,-0.020743696610562728,0.80788695865105,0.02786987479362378,0.09994977077412641,-0.023678918292314718,0.2362000948888944,-0.0234579871225067,0.0006354444580404707,0.0008191444551080006,-0.0003879081068435739
1.76,-0.02127236140349456,0.8076811434847166,0.030160868244857073,0.09970098063375495,-0.022272402600749756,0.23663955976212198,-0.02684172248705552,0.0006147895725950441,0.0007989045910076345,-0.0003949118711103721
1.77,-0.021815544333242693,0.807489215865864,0.032459982453696114,0.09941438623896448,-0.020847832680790452,0.23700398042328694,-0.030264688830609378,0.000618263067919191,0.0007943798067016544,-0.0004190580792269373
1.78,-0.022369511802809584,0.8073112374526132,0.034766298064303064,0.0990897105557275,-0.01942344925645683,0.23728639148428918,-0.03369779121825389,0.0006044193094776885,0.0007832364275138226,-0.0004153210044519616
1.79,-0.02293793289480582,0.8071473246738242,0.037078990989984725,0.09872645901650051,-0.017980305773506462,0.23749167067181298,-0.037164103293667386,0.0006104000506104344,0.0007775615275706051,-0.00043601954606831524
1.8,-0.023518203404490803,0.8069975984912815,0.03939715389988254,0.09832425474332976,-0.01652812367450565,0.23761421265191843,-0.040650542833294806,0.000607713271121844,0.0007669417595002785,-0.0004451032343766259
1.81,-0.02411256378937539,0.8068621155394139,0.04171994645706663,0.09788262801299245,-0.015071399303611167,0.23765957242077235,-0.04416771627463883,0.000601553705972102,0.0007623685180472286,-0.00046638803671362783
1.82,-0.024717755598680727,0.8067407601534071,0.044046245430502916,0.09740140176583434,-0.013626953348114007,0.23760497292119342,-0.04768788825123178,0.0005800985298064871,0.0007351026937586254,-0.0004616642246300968
1.83,-0.02533912457174709,0.8066334716773419,0.046375095738085376,0.09688036185630353,-0.012184881947802352,0.23746824464897712,-0.051210436820303545,0.00056981241663792,0.0007258561089823384,-0.00045813129233919785
1.84,-0.02597726917865052,0.8065403693307072,0.048705663225301975,0.09631899808161773,-0.010732971853461483,0.2372544974715525,-0.05476673311213766,0.0005729511846332029,0.0007224715019555602,-0.00048784835404349405
1.85,-0.026629299554436006,0.8064613946536325,0.051037043081668135,0.09571713182732551,-0.00929227655901329,0.23696475889084176,-0.05832017585363079,0.0005563339558017267,0.0007198945498974493,-0.00048294967886296333
1.86,-0.02729840492848193,0.8063965444144064,0.05336832250054989,0.09507438514557164,-0.007847702581368195,0.23659270996914955,-0.06189477071531349,0.0005562180888623383,0.0007115932902994908,-0.0005040820166224202
1.87,-0.027982006566889758,0.806345880003306,0.05569843937122521,0.09439057929146413,-0.006402446746026913,0.23612779891773691,-0.06547068802869445,0.0005545599420669432,0.000692779361333906,-0.0005074940003504596
1.8800000000000001,-0.028681736841565268,0.8063092239057296,0.0580263063893217,0.09366548133199527,-0.004969379213866143,0.23556482548049254,-0.06905362756631583,0.0005418385017190203,0.0006688349720260699,-0.0005187774620461253
1.8900000000000001,-0.029399907546099134,0.806286394483422,0.06035100593876752,0.09289904621711384,-0.0035605787690048893,0.23492449626354223,-0.0726219117456109,0.0005185575262718859,0.0006652773290454996,-0.000510625399847852
1.9000000000000001,-0.030139217105510346,0.8062774537978201,0.06267168507843135,0.09209091937939853,-0.0021450280558474102,0.23420792690874082,-0.07620618511207115,0.0005277710929567638,0.0006631552089989331,-0.0005352709838919416
1.9100000000000001,-0.030893812063142463,0.8062822234174142,0.0649872270014579,0.09124106809560263,-0.0007553800383596973,0.23339170519425878,-0.07977857469676271,0.0005062854643007104,0.0006371722968036589,-0.0005343609413868556
1.92,-0.031668065934181956,0.8063004596050108,0.06729651108014398,0.09034957651962128,0.000617125343407722,0.23247713099845912,-0.08332627249769392,0.0004955380400907103,0.0006120919755398528,-0.0005229630530635933
1.93,-0.03246705470751592,0.8063322296741485,0.06959874088659165,0.08941614641680538,0.0019850882438756587,0.23149108706117968,-0.08688355246294914,0.0004988754771932402,0.0006139279654003511,-0.000548022608885439
1.94,-0.03328455813980147,0.8063771708333141,0.07189287270132003,0.08844078255739043,0.003324548779288984,0.230410096634095,-0.09042503720202583,0.0004802047016197482,0.000591573806453924,-0.0005500013307539419
1.95,-0.03412536266376093,0.8064352278393014,0.07417791372421931,0.08742348907426296,0.004647246881113523,0.22923958206810835,-0.09394919878522373,0.0004751411008801163,0.000574459084721887,-0.000552720882219594
1.96,-0.034990736549189036,0.8065062153513038,0.0764529928631932,0.08636432150295384,0.00595699169368883,0.22799331204452838,-0.09744784982231046,0.0004755002523653659,0.000570483159185498,-0.0005494822319428103
1.97,-0.035879791463515456,0.8065898404755965,0.07871711142542753,0.08526329730387879,0.0072365491217839945,0.22665309471076253,-0.10092964083879467,0.0004606006602104123,0.0005476646151916507,-0.0005571043051843486
1.98,-0.03679686030684824,0.806686041872309,0.0809694599291119,0.08412042188247723,0.008503886639521688,0.22524046641467269,-0.1043919550348292,0.0004652196022853957,0.0005457650059663006,-0.0005642427675951418
1.99,-0.03773805979824784,0.8067944646040185,0.08320901592850616,0.08293590646203672,0.009731107626106322,0.22373169472726184,-0.10781951194836892,0.00044399674971798094,0.0005191452513306313,-0.0005583257957212602
2.0,-0.03870994704262139,0.8069148663154315,0.08543489806726806,0.08170980853740767,0.01093746106922594,0.22214109008388622,-0.11122447920385789,0.00044377344781315413,0.0005059933247626188,-0.0005666623339820242
2.0100000000000002,-0.039712089095748006,0.8070469515888382,0.08764632151996048,0.08044225720082998,0.012117097394024896,0.2204768081957837,-0.11460004014859891,0.00043928349918442194,0.0005001675243306233,-0.0005702154545898804
2.02,-0.04074483997010532,0.8071904186482599,0.08984241559196636,0.07913345867781833,0.013260902777084596,0.21873009067779198,-0.11794083600671042,0.00042746422506413905,0.00048448559577743107,-0.0005704780570825859
2.0300000000000002,-0.041809468604223,0.8073448533331612,0.09202224806707486,0.07778375588259123,0.014364296570973649,0.21689409194589876,-0.12123604201889537,0.0004129736913373593,0.0004605117974240727,-0.0005619799080394173
2.04,-0.042910715343254455,0.8075102563772922,0.09418497993419497,0.07639326143124636,0.015457834961019469,0.21497822088337332,-0.12450443967895528,0.0004307018261904613,0.0004453818307961402,-0.0005741538982247127
2.05,-0.044049181586770396,0.8076861513570256,0.09633000148149552,0.07496204200203405,0.016515561775972687,0.21300273849022766,-0.12774872836936169,0.00042378212061532956,0.00044930474861914,-0.0005908515017809797
2.06,-0.04522227795715617,0.8078721771722904,0.09845646488730196,0.07349067895473585,0.01753228259347319,0.2109485850196012,-0.13092696677992402,0.00041337139700375983,0.00043261292655378007,-0.0005676164500747348
2.07,-0.04643714405134574,0.8080680975233056,0.10056358048920053,0.07197945618600143,0.018525491130760317,0.2088170659545884,-0.13406655135038825,0.00042205593070508755,0.0004162055231459847,-0.0005735758442624324
2.08,-0.04769299878599125,0.8082734937406837,0.10265061316087669,0.07042875871011667,0.019475910309266452,0.20661550904961537,-0.13715761837789361,0.00041299044904914754,0.0004055135982655648,-0.0005715024656185672
2.09,-0.04899490060309791,0.8084879530815082,0.10471692711124178,0.06883871501257408,0.020389548571480454,0.20434921714959212,-0.14022309935600652,0.00041130374401345676,0.00039884716322804504,-0.0005940424149774985
2.1,-0.05033963684368062,0.8087111117407683,0.10676170285143508,0.06720988435495553,0.02126581183568945,0.20200449525449973,-0.1432301552806598,0.0004106758682723791,0.000376915316242829,-0.0005855769830946299
2.11,-0.051734256517685547,0.8089425563027582,0.10878429490508948,0.06554254803530779,0.022102477207451718,0.19959545459868772,-0.14619982244172,0.00040916942191454873,0.00036786143195932566,-0.0005997947052338927
2.12,-0.05317730153481436,0.8091818704791107,0.11078395434984145,0.06383723745358026,0.02289601381331527,0.19711512152160462,-0.14911456304276985,0.00040568564009665984,0.0003501650348726644,-0.0005982301977138048
2.13,-0.0546739615211292,0.8094285738130402,0.11276008965643947,0.06209444355385122,0.023647204733062435,0.19457792776198019,-0.15197823789990894,0.0004042270950305348,0.00034508726592212704,-0.0006021855987829543
2.14,-0.056224099525266684,0.8096821330256925,0.11471197804059169,0.06031483757262999,0.024354654298935928,0.19197344204160635,-0.15477824180480088,0.00040285944724779716,0.0003278786758836052,-0.0005952420448769248
2.15,-0.057832499547061905,0.8099421857023025,0.11663896668345672,0.058498947905406405,0.025021747429767302,0.18930703508358288,-0.15752763945978476,0.0004062344359886311,0.0003146965594482812,-0.0006029631618012947
2.16,-0.05949892247600026,0.81020814185245,0.11854037592178666,0.05664757179799379,0.02563791192486231,0.18657845155574843,-0.16020712273137383,0.00040046960385332236,0.0002992132186354157,-0.000593053610128831
2.17,-0.061230927468769146,0.8104796385596652,0.12041569672931597,0.05476115607524168,0.026218319399647125,0.18380385621794545,-0.1628441665831685,0.0004109362281927743,0.0002985292345807014,-0.0006120524197950149
2.18,-0.06302444818559355,0.8107559668783857,0.12226424452696533,0.052840635205886666,0.026742958682289597,0.18096899884314335,-0.1654052746454942,0.0004028527168318031,0.00028134046558950124,-0.0005991551874740757
2.19,-0.06488768016184512,0.8110366493344068,0.12408540503112682,0.05088660443748189,0.02721849477057478,0.17807620528118828,-0.16791841373356733,0.00040279843510658016,0.00026480366444511463,-0.0006156688521704668
2.2,-0.06682108686735036,0.8113211977087448,0.12587863044422726,0.04889988528494719,0.02765446483393043,0.1751396616103401,-0.1703665547770311,0.0004134310437385533,0.0002608044297511562,-0.0006165531878030446
2.21,-0.06882777002471159,0.8116091507244768,0.12764336140173407,0.04688122468387986,0.028047766684902234,0.1721549633457471,-0.17275856252576843,0.00042219302235505126,0.0002507480717691833,-0.0006276095492284833
2.22,-0.07090817332376861,0.8118998395595804,0.12937900466994995,0.04483169369815873,0.02838493923875622,0.1691213780008493,-0.17507276207647327,0.0004188653937714921,0.00023782015639062118,-0.0006183026807562878
2.23,-0.07307131749284623,0.8121927978492963,0.13108515671844578,0.042751930461164114,0.0286816064876603,0.16605865387728225,-0.17734232717508738,0.00043206142537274286,0.00024308249399412942,-0.0006432413561821391
2.24,-0.0753109280704904,0.8124873633137982,0.13276110459215923,0.040643147978800226,0.028917382396214164,0.16293442194894242,-0.17952991951346495,0.0004265895474299142,0.00021372729376286276,-0.0006320494405935744
2.25,-0.07763749237749687,0.812783002104484,0.13440635869539158,0.038506306301840945,0.029110485375888395,0.15977561225479497,-0.1816549436715363,0.00044050526452071707,0.00020955297021888318,-0.000641147203597911
2.2600000000000002,-0.0800512503992633,0.8130791190715096,0.13602048150292945,0.036342405086042015,0.02925771705877532,0.15658491847676634,-0.18371653320704232,0.0004523485851676278,0.00020616411641015203,-0.0006501946494716576
2.27,-0.08255191661839478,0.8133749350968537,0.1376028790257574,0.034152746357234906,0.029329981439530195,0.15334713150561635,-0.18569615364546585,0.00043671001342945735,0.00018504101644499515,-0.0006414862481476757
2.2800000000000002,-0.08514971426652751,0.8136698002956514,0.1391532144082488,0.03193831811580535,0.029354230766509545,0.15009015291045483,-0.1876181523619303,0.00044903680591368956,0.00018991067451412216,-0.0006575370098856698
2.29,-0.08784242292147039,0.8139631719497106,0.14067100196999271,0.029700221496606834,0.029327043225995414,0.14679652005964092,-0.1894784853474032,0.0004593228451163218,0.00017534321650018397,-0.0006698938601642024
2.3000000000000003,-0.09063399294611363,0.8142544024585279,0.14215585318242976,0.027439665105788616,0.02924931355187027,0.1434807216694285,-0.19127026055670932,0.00047170430685199074,0.0001732192444287244,-0.0006754913645318949
2.31,-0.09352619793597712,0.8145427694404842,0.14360734640067652,0.02515790977437285,0.029104676862323597,0.1401314716954318,-0.19299313586606515,0.000469180871506585,0.00015741680401750864,-0.0006807445113968123
2.32,-0.09652457043736876,0.8148276213233484,0.14502513502394365,0.022856160935203866,0.028908679495458584,0.1367629704410258,-0.19465297541959356,0.000483450683996312,0.00015367483022406814,-0.0006915958499568497
2.33,-0.09962989731619704,0.815108299421673,0.14640884332492388,0.0205356739343833,0.028654986556323717,0.13336801929934275,-0.19624958880071713,0.0004927755893746279,0.00014047116214145318,-0.0007018047050629107
2.34,-0.10284217574399022,0.8153839110058898,0.14775798836723386,0.01819800958813114,0.028320158487143282,0.1299352031774444,-0.1977602420330415,0.00048043127781691376,0.00011306568290452373,-0.0006887939849141572
2.35,-0.10617342763356474,0.8156539182122925,0.14907245700263547,0.015844237066147238,0.02794123844470009,0.12650132921533808,-0.19922605368811322,0.000506074446128344,0.00012051146450864029,-0.0007158653547875186
2.36,-0.10962048278336617,0.8159176093672423,0.15035211861293724,0.013475622072495506,0.027500369647668763,0.12306999362811011,-0.20063182741626542,0.0005148392023185799,0.00012920983226285548,-0.0007265786703485502
2.37,-0.11318611221490162,0.8161743302709097,0.15159670981062023,0.011093543846422884,0.027000542474555217,0.11961656054494098,-0.2019729909582738,0.000528050451160326,0.00011088924351133152,-0.0007314685025966812
2.38,-0.11687326994170333,0.8164232386431709,0.1528059836481123,0.00869942911543261,0.02642582776575693,0.11614738869638955,-0.2032461295087065,0.0005267679396705686,9.617324508607986e-05,-0.0007315260973836396
2.39,-0.12068738861718785,0.8166636248119465,0.15397985511531237,0.006294654456017915,0.025786788893135335,0.11267863671349278,-0.20445535907477108,0.0005371504331605937,9.493643475118739e-05,-0.0007340352508620218
2.4,-0.12463197482589658,0.8168947108582153,0.15511828215554857,0.0038804595542393863,0.0250819034384991,0.1092103002418859,-0.2056151459748005,0.0005470824209049269,9.131910439312741e-05,-0.000749090199872756
2.41,-0.12870781496035244,0.8171157850403563,0.15622119512921617,0.001458229222082102,0.024308847879974352,0.10573631004482692,-0.20671386930281083,0.0005559389218411769,7.890354452542953e-05,-0.0007506017621158424
2.42,-0.13291998090762133,0.8173261878585577,0.15728851982888004,-0.0009707549856075078,0.023473308171889404,0.10226058919771502,-0.20776201876449985,0.0005716278676280174,6.80477795693184e-05,-0.0007604743589126563
2.43,-0.13727256275960265,0.8175251482792426,0.15832040861820834,-0.0034053070919081076,0.02257062617526029,0.09880052829200892,-0.20876805469946097,0.0005834190964864052,7.202491494118163e-05,-0.0007765220800872727
2.44,-0.14176575123706298,0.8177118321511458,0.15931688668398092,-0.005843992774984752,0.02159297538623535,0.09534280759398256,-0.20970934294077812,0.0005885075810239005,5.967352783535295e-05,-0.0007677548652102153
2.45,-0.14640874667644327,0.8178857563294255,0.1602781133292568,-0.00828568528130275,0.02056300820769135,0.09190487435893849,-0.2106159033605317,0.0006168951171295923,6.281576622938428e-05,-0.0007865206732203766
2.46,-0.15119885051042697,0.8180459732388241,0.16120420357134224,-0.010729044551057401,0.019450488288857225,0.08847349368791856,-0.21146568490350476,0.0006159951818102759,4.9586240998041926e-05,-0.0007810315525687598
2.47,-0.15614479097953124,0.8181917679094126,0.162095340353009,-0.01317290020234335,0.018265788396067732,0.08505397798549001,-0.2122768602098726,0.000626270312932168,3.9180921218746605e-05,-0.0007913602494715026
2.48,-0.1612483563767018,0.8183224199684139,0.16295175268414108,-0.015615999364966266,0.01700893261806473,0.08165846342892538,-0.21303743327828276,0.0006371182342717383,3.829899638975689e-05,-0.0007874536754395552
2.49,-0.16651520972802536,0.8184370997456459,0.16377373107743481,-0.018057188058008513,0.015677796090510246,0.07828436676836212,-0.21375775213152057,0.0006463681740955416,3.2002801414481736e-05,-0.000791723690045522
2.5,-0.17194968898854704,0.8185351480862569,0.1645614791127482,-0.020495428669171985,0.014280007561150589,0.07492403788908454,-0.2144509112949717,0.0006638867864600758,1.585889746765937e-05,-0.0008069876163632399
2.5100000000000002,-0.17755266321642346,0.8186156744369522,0.1653153748250768,-0.022929414187455203,0.012796508757692095,0.07159750188918351,-0.2150808711985068,0.0006625658612221674,1.662607414095171e-05,-0.0007844368207169266
2.52,-0.1833351955646385,0.8186781421349877,0.16603578509965947,-0.025358150097448812,0.011253568019873338,0.06830357274726191,-0.21568134520684173,0.0006876789128254049,1.4195388607133123e-05,-0.0007937928350293386
2.5300000000000002,-0.18929842244788803,0.8187215902409785,0.16672310362673892,-0.027780693445623277,0.009625345257579077,0.06503776903178263,-0.21625755473280056,0.0006871923880656098,4.679149898041443e-06,-0.0008067961659291775
2.54,-0.1954465001364883,0.8187454348940784,0.167377744195348,-0.0301958509487998,0.007932291568034211,0.06181388051587733,-0.2167733758400834,0.0007070073603871745,6.445669097195031e-06,-0.0007824708456149322
2.5500000000000003,-0.20178759644259717,0.8187490077922589,0.16800013402987568,-0.03260272369667691,0.006165879410774205,0.05862360567214672,-0.21726240059456092,0.0007182653610281457,-2.2191915037312186e-06,-0.0007906578847916157
2.56,-0.20832396107903361,0.8187316050350918,0.16859064756504105,-0.035000283302169144,0.004334210861242971,0.055466761157745736,-0.21770505435948947,0.000737520426250554,-1.3378012616454274e-05,-0.0007785526793005268
2.57,-0.21506337905063475,0.8186925620405203,0.169149845737995,-0.03738768009603786,0.002425807165408904,0.05235927374394432,-0.2181157454391717,0.0007448387248110571,-1.0668359312736737e-05,-0.0007802965013288551
2.58,-0.22201037185529665,0.818631112390974,0.16967811927756998,-0.039764043776921665,0.0004431616504661437,0.04928541216127438,-0.21849006353014885,0.0007544441001855534,-2.5946307971572962e-05,-0.0007774442054232382
2.59,-0.229172381662649,0.818546652725796,0.1701760398537454,-0.042128591442467486,-0.0016074611302024505,0.04626405759829606,-0.2188320463370795,0.0007696630787766335,-2.4147371797104854e-05,-0.0007786164166338238
2.6,-0.23655436426457563,0.8184385307090565,0.1706442122889239,-0.04448049570793812,-0.0037275538096549488,0.043301397692277754,-0.21912811468061522,0.0007825527736017336,-1.8128738280052296e-05,-0.0007665835479647967
2.61,-0.24416303065423287,0.8183062689640821,0.1710830147616369,-0.046818994592813426,-0.005903091523293741,0.04037617891194292,-0.21938638079365266,0.0008089457392876623,-3.488069259628317e-05,-0.0007633301853486576
2.62,-0.2520029171845708,0.8181491481492875,0.1714930692865354,-0.04914332832014717,-0.008156758653352213,0.03750830167264971,-0.2195959525394264,0.0008117374034287007,-3.368095861872692e-05,-0.0007501267866661276
2.63,-0.260083128267968,0.8179666394286386,0.17187483314136207,-0.051452849549431884,-0.010474931705179547,0.03468458718116903,-0.2197679410543864,0.0008274315979175281,-4.706187026385627e-05,-0.0007492232175328385
2.64,-0.26840766500527974,0.8177582595038543,0.17222886086425251,-0.05374680580735246,-0.012853487912036013,0.03191583818304451,-0.21988148918563816,0.0008461895152880848,-5.122834254250319e-05,-0.000728974850622216
2.65,-0.27698320833127166,0.8175231797331104,0.17255562671255353,-0.05602450570033567,-0.015320301355688945,0.029196565127544927,-0.21993683562991292,0.0008361993128214022,-6.283988464520877e-05,-0.0007107738615824705
2.66,-0.28582288425573354,0.8172610980811771,0.17285591340502243,-0.058285421882424665,-0.017830908225432776,0.02655923007640687,-0.2199466218709374,0.0008690381340274746,-4.274468972694598e-05,-0.0007069356547356684
2.67,-0.2949272210999325,0.8169715389574342,0.17313014291431622,-0.06052896070330065,-0.020400225458237005,0.02396386213785906,-0.2199029779405378,0.0008860933764044937,-6.374878786416227e-05,-0.0006973497419234436
2.68,-0.304304600149741,0.8166539055252732,0.17337889937859474,-0.06275457095971557,-0.02304449599131271,0.021429115845449098,-0.2198011140445397,0.000885711657734218,-6.75336701828646e-05,-0.0006851801544285383
2.69,-0.31396294142995523,0.8163076064824112,0.17360278893114728,-0.06496161992664382,-0.02576091939158144,0.018959153131983708,-0.2196219123054787,0.0008867766738081595,-6.839429600931363e-05,-0.000656355623107472
2.7,-0.3239131452673713,0.8159323951502203,0.17380241875248986,-0.06714964762412684,-0.02852183752402033,0.016554701144672168,-0.2193885555868323,0.0009141780951633508,-6.910427776762786e-05,-0.0006530355761231697
2.71,-0.33415862766135823,0.8155279746506983,0.1739783686785411,-0.06931813878612063,-0.03132519104908591,0.014215943281368132,-0.21908584277926726,0.0009422578309269463,-7.009266695007967e-05,-0.0006369695420242262
2.72,-0.34470702744498044,0.8150939308811755,0.1741312745676501,-0.07146661720241557,-0.034187886154871734,0.011943755131177458,-0.21871447946769082,0.0009521016853425738,-7.099971173145833e-05,-0.0006240768511771846
2.73,-0.3555673570809233,0.8146296729141559,0.17426178500137657,-0.07359466756122501,-0.03712573564102724,0.00973986634053603,-0.21827601180652412,0.0009448695262744735,-7.102177782537114e-05,-0.0006151677752351461
2.74,-0.3667470085312483,0.8141348948141254,0.1743704956302298,-0.07570163701712428,-0.040116830279803846,0.007606500048214948,-0.21773695868695314,0.0009581280881223867,-6.960712565937529e-05,-0.0005753099444781327
2.75,-0.37825542413446256,0.8136091802021392,0.17445804736567808,-0.0777871377832535,-0.0431697930224729,0.005536490882865092,-0.21712980256336034,0.0009616449209075259,-7.573557479373769e-05,-0.0005701521523142121
2.7600000000000002,-0.39009991495134283,0.8130523562344882,0.17452503079471496,-0.07985070255979362,-0.04625824213458313,0.0035362851837278664,-0.21644149989284864,0.0009903615544824289,-7.558787704166757e-05,-0.0005541135280125518
2.77,-0.4022862089499464,0.8124639977556527,0.1745721513792098,-0.08189188685773022,-0.04941198521492122,0.0016106306242283097,-0.2156697550873072,0.0009880419323818593,-7.108895847686849e-05,-0.0005377492089505597
2.7800000000000002,-0.414824155146491,0.8118438702570908,0.17460008154830697,-0.08391014448699215,-0.052611324963873426,-0.0002442721301193218,-0.2148017266517876,0.0010043140256499896,-7.069759281867135e-05,-0.0005104380893880043
2.79,-0.42772154843884314,0.81119173573087,0.17460940957807364,-0.08590512783637122,-0.05585833101935707,-0.0020361605561882434,-0.21386191935907403,0.001017727265809716,-7.793401158165182e-05,-0.0005091054779435252
2.8000000000000003,-0.4409860893897045,0.8105072403854477,0.17460099816361568,-0.08787637357674372,-0.05915698358154811,-0.0037334048103702666,-0.2128276941875839,0.0010258883113271914,-5.38263195971684e-05,-0.00048648553905098813
2.81,-0.4546267061913306,0.8097904281273395,0.17457550095954422,-0.08982346158242788,-0.06248179080735154,-0.005364293220828015,-0.21170986026083502,0.0010588350684659193,-5.752983268780098e-05,-0.00047567930296388066
2.82,-0.46864673168629084,0.8090410842301122,0.17453348247484696,-0.09174598025378417,-0.06585675654987172,-0.006932379615021189,-0.21050554822949658,0.001067277093046267,-6.466421547797318e-05,-0.0004628034378870964
2.83,-0.4830562216777299,0.8082587122425641,0.17447585817352437,-0.09364336903164058,-0.0692925111686871,-0.008405578288414428,-0.20919235897302735,0.001064113936742619,-4.027857697707678e-05,-0.0004280743663452563
2.84,-0.4978659512870489,0.8074432633567388,0.17440340305686858,-0.09551520808302907,-0.07276509828772312,-0.009798944393438008,-0.20778929076617986,0.001084386860615896,-3.062662973391165e-05,-0.0004124892898493792
2.85,-0.513079844307219,0.8065946661950175,0.1743167666628633,-0.0973610648239185,-0.0762712042393795,-0.011123479833364064,-0.20629639206400885,0.0011076769650215583,-3.157776219418012e-05,-0.00039682615085859864
2.86,-0.5287068403876827,0.8057125800885406,0.1742168901479943,-0.0991806833252672,-0.07983167273591658,-0.012356160280325823,-0.20472682236479814,0.0011096888437177107,-9.559763688277573e-06,-0.00039381000032395167
2.87,-0.5447521757716768,0.8047965804745729,0.17410445451806364,-0.10097349588292037,-0.083459375648298,-0.013518340234685622,-0.20304750023432452,0.0010988572768702437,-9.318920527300335e-06,-0.0003570438744713393
2.88,-0.5612261662320938,0.8038464784009498,0.1739802375277365,-0.10273896922928336,-0.087129773107513,-0.014601065475675995,-0.2012620481115166,0.001112515211942339,-6.33711432582859e-08,-0.0003228899984557454
2.89,-0.5781383817412424,0.8028624683093567,0.17384511303755584,-0.10447700224649205,-0.09080141846152591,-0.015597896401870565,-0.1994203829986659,0.0011675913448204373,1.6764157433868426e-05,-0.00033719660643463726
2.9,-0.5954847904419137,0.8018440015740196,0.17369990111330805,-0.10618710515794928,-0.09455700501028798,-0.016515095728032142,-0.19747345925156584,0.0011402605258559889,2.6560033589970564e-05,-0.0003008846787543875
2.91,-0.6132839592731318,0.8007907844392801,0.17354553010018114,-0.10786894775288147,-0.09835531077027362,-0.017339757954818624,-0.19543995154613136,0.0011542903864696457,4.9267873812721935e-05,-0.0002813378840390434
2.92,-0.6315404167707909,0.7997028810697685,0.17338291587494503,-0.10952233987067328,-0.10217549982968606,-0.01807256017777173,-0.1933364670859429,0.001189400677686523,7.200735267539972e-05,-0.00027625249259058003
2.93,-0.6502554038056716,0.7985802281509462,0.17321281072878666,-0.11114698495649591,-0.10602770169839831,-0.018731650572890057,-0.1911501196130617,0.0012150733405752732,7.685261475432204e-05,-0.0002559677518119868
2.94,-0.6694367441772805,0.7974225295385282,0.1730362033745505,-0.11274252780208865,-0.10992200704260836,-0.019294384048124696,-0.18887383420519663,0.0012310626453058725,0.00010421869702255056,-0.00022607780366833426
2.95,-0.6890922151605879,0.7962296054556107,0.17285406306916554,-0.11430876978841922,-0.11385664700609945,-0.01976042732373723,-0.18652157723093876,0.0012492600756643859,0.0001319219676386923,-0.00020749186494390485
2.96,-0.7092266586638668,0.795001272359542,0.17266726229960164,-0.11584555987109117,-0.1178288432693763,-0.020144335857549545,-0.1841022923381191,0.0012710778563124912,0.00014518677989139002,-0.0001950063638599851
2.97,-0.7298453742572804,0.7937368130772181,0.1724767674226301,-0.11735280459723335,-0.12188329734265185,-0.02043640480872594,-0.18161582783546149,0.001249046380633051,0.0001673136131232332,-0.00017944989651484406
2.98,-0.7509610816575282,0.7924361233654006,0.1722835757010596,-0.11883047047318937,-0.1259650118914252,-0.02063300229680312,-0.17907335899120214,0.0012827464150577997,0.00019328389515629898,-0.0001720169319379163
2.99,-0.7725737309075962,0.7910990107654708,0.17208869674298352,-0.12027838122180994,-0.13008154903519192,-0.02072841071184489,-0.1764574134619433,0.0013096211015159896,0.00022487203390762677,-0.00014410784849708196
3.0,-0.7946905437488634,0.7897250075807024,0.1718931336238634,-0.12169671887937,-0.1342539303151167,-0.020731684394620253,-0.17380782409989137,0.0013164406104049704,0.00024715457047565735,-0.0001529279360700216
3.0100000000000002,-0.8173164168299755,0.7883135713102151,0.17169780407011936,-0.12308537724202015,-0.1384944109248066,-0.020647473199279037,-0.17109258129199348,0.0013121461422504665,0.0002639136513444038,-0.00012669821860075416
3.02,-0.840464468305208,0.7868648144982209,0.17150401334644583,-0.12444430584954452,-0.1427307540486766,-0.020428844825796072,-0.168317891794942,0.001380326225932895,0.00032811495229251406,-0.00010371286879140358
3.0300000000000002,-0.8641288914942845,0.7853782157767341,0.1713127206807089,-0.12577353311779568,-0.14702588628112098,-0.02011377663813982,-0.16549272687419186,0.001386617091030527,0.00035368250035633104,-8.673772658128366e-05
3.04,-0.8883221713747812,0.7838532972558608,0.1711250256243743,-0.1270732007743849,-0.15137490941767048,-0.019697785966803216,-0.16263157574006698,0.0013986992548370792,0.00038313030921227967,-8.137645780576209e-05
3.0500000000000003,-0.91304890878577,0.7822893861064906,0.17094195528703862,-0.12834335552368872,-0.1557904249555475,-0.019179770110018146,-0.1597230002033096,0.0013992112981957355,0.0004127487729050219,-6.182119388855368e-05
3.06,-0.9383180489830935,0.7806862626223253,0.17076465360956034,-0.129584090537132,-0.1602382083552698,-0.018547119493504988,-0.15677500464459151,0.0014346382526328524,0.00045467191162037736,-4.76585076418121e-05
3.0700000000000003,-0.9641311030507973,0.7790439070126777,0.17059421303175365,-0.13079541842367554,-0.16468787569233978,-0.01780456242029252,-0.1537853491063825,0.0015012300743380655,0.0004921575379625565,-2.877108464603016e-05
3.08,-0.9904909009950802,0.7773614491852671,0.1704317893398692,-0.13197766543841383,-0.16921667321073103,-0.01695083757011523,-0.15078066167951432,0.001491441505287443,0.0005295815936069478,-3.420100637994189e-05
3.09,-1.0174072134791619,0.7756381601379653,0.17027837387587763,-0.13313086700761434,-0.17382129395206486,-0.016001586636852555,-0.14773683433322093,0.0014860457885907759,0.0005501370870703824,-1.3315264531609009e-05
3.1,-1.0448953344400425,0.7738739219075074,0.17013543013339408,-0.13425533268592565,-0.17842634560316858,-0.01490015718858595,-0.14468212323851215,0.0015560802470268016,0.0006275207026279879,-1.879811917110486e-05
3.11,-1.0729462087757817,0.7720680286334981,0.17000398078291445,-0.13535103360964057,-0.18309796338987858,-0.013695729137693152,-0.1415840796632845,0.001560853853897623,0.0006544099279283146,1.0001862627790903e-05
3.12,-1.1015765781044475,0.7702199247664632,0.16988527440099555,-0.13641820407915833,-0.18781161095631863,-0.01236792286209823,-0.13847411176339483,0.0015907235406497835,0.0007010912342176006,8.926371354202035e-06
3.13,-1.130791247576688,0.7683289671906764,0.16978054344024615,-0.13745716051182066,-0.1925802967220283,-0.010918432955535934,-0.1353610781731997,0.0016082058485596376,0.0007450866057594402,4.009106946839019e-07
3.14,-1.160599072551638,0.7663948503372328,0.16969109026728862,-0.13846786675311681,-0.19737031583966708,-0.009328786787170501,-0.132211030651511,0.0016594824936027393,0.0008071275932303367,2.6986984249243037e-05
3.15,-1.1910052986837563,0.7644169964676604,0.1696182393745568,-0.1394506542572529,-0.202202378280556,-0.00760764573628836,-0.12906789417000283,0.0016903358113938506,0.0008597831237171995,1.0642372962670073e-05
3.16,-1.2220186357230478,0.762394483417421,0.16956328987364364,-0.1404056238098904,-0.2071062586218012,-0.005757882186048197,-0.1259043034987768,0.001691838893568364,0.0009081707246345852,2.244709443122737e-05
3.17,-1.2536464715994917,0.7603269232797631,0.1695271701128115,-0.1413330592489061,-0.21204284594228698,-0.0038171944432646154,-0.12275449437502949,0.0017333728163558405,0.000918539986010668,7.130773962205951e-07
3.18,-1.2859026436070236,0.758213636862611,0.16951143379533518,-0.14223307440006394,-0.21701801566761142,-0.0017105879912046873,-0.11958995715069862,0.0017686797478613124,0.001002888331903874,7.858404824654017e-06
3.19,-1.3187902434947172,0.7560540421337872,0.16951734905482768,-0.14310562488198725,-0.22203261971793373,0.000526971055609532,-0.1164036801208069,0.001803306220580791,0.0010515299523199608,2.2328919137900858e-05
3.2,-1.3523155916654144,0.753847245501089,0.16954597127217685,-0.143950773127134,-0.22712519320609012,0.002864131903864725,-0.11321133661418094,0.0018001939220190445,0.001067442975840297,2.1378955512261315e-05
3.21,-1.3865030423245592,0.7515925197369532,0.1695988569124132,-0.14476878943124472,-0.2322516139151508,0.0053679887795266,-0.11002979518854863,0.0018406910979289635,0.0011497564248738532,3.4087867240433384e-06
3.22,-1.4213476655316057,0.7492891560463625,0.16967704910192433,-0.1455595153778392,-0.2374388398830727,0.007972887385226834,-0.10682577041664072,0.0018549863020658052,0.0011653446165267923,1.8754993861928672e-05
3.23,-1.4568727243476085,0.7469366737211393,0.16978200063672216,-0.14632318760032162,-0.24264108651276006,0.010732400633119782,-0.1036373593088308,0.0019146191325508507,0.0012343696052370102,-4.280113603658078e-06
3.24,-1.4930879170691325,0.744534195254243,0.16991542439224822,-0.1470598981529291,-0.24790730441794684,0.013663041345798321,-0.10044966608328224,0.0019247362317418614,0.0013187672686504083,-1.2835447341264961e-05
3.25,-1.5300056659465504,0.742081162450117,0.17007862248273437,-0.14776947967115173,-0.2531999257350104,0.016738058293882585,-0.09724000420750356,0.001972155445266549,0.0013758825029184893,8.735009873010987e-07
3.2600000000000002,-1.567641449226484,0.739577113621934,0.17027315681933752,-0.1484521655383008,-0.2585087429510961,0.019968313311349684,-0.09405530175003363,0.002029333722774359,0.0014439908664587197,-3.282765764663664e-05
3.27,-1.606000985368393,0.7370212078396168,0.1705001934732016,-0.14910775970483298,-0.2638803012004805,0.02331928687621923,-0.09085223663974161,0.0020402183992167594,0.001476614411165181,-2.366549671712558e-05
3.2800000000000002,-1.6451050952002093,0.7344121960890694,0.17076092009170163,-0.14973620003084118,-0.26933854181806854,0.02679114589421852,-0.08764475443521816,0.0020272800701934715,0.0015079356743878242,-2.8940176050728704e-05
3.29,-1.68497613498521,0.7317493008095316,0.17105678501973726,-0.1503377121009999,-0.27484461868063653,0.03040254997030556,-0.08446566583308138,0.0020530548717559013,0.0015577425757365795,-6.74562115828311e-05
3.3000000000000003,-1.7256238270967765,0.7290320974567384,0.1713891104955102,-0.15091195719615896,-0.2803691313762693,0.03415862914565998,-0.0812578516412439,0.002107894272838811,0.0016127831033751479,-4.943662817826714e-05
3.31,-1.7670679174810453,0.7262604256767764,0.17175970441670482,-0.15145863338867951,-0.28587694757735,0.03811127296972344,-0.07802085951846163,0.0021965676629419075,0.0017201719757872981,-3.161700895900844e-05
3.3200000000000003,-1.8093153730695593,0.7234328996975998,0.1721697288007624,-0.1519779724148171,-0.2914892153117428,0.042167528499283125,-0.07481599969358332,0.0021644726818139315,0.0017338246023461134,-7.537370444485211e-05
3.33,-1.8524064835351912,0.7205486373007612,0.17262072902691533,-0.15246995515229425,-0.2971530111468007,0.046387246367757706,-0.07161415919951894,0.002184631834996355,0.0018070528942874893,-9.048489420725201e-05
3.34,-1.89634680264875,0.7176071409811385,0.17311381543105997,-0.1529345554029281,-0.30283553902126464,0.05070959348181883,-0.06842268518989936,0.0022380548280297786,0.0018203729927235377,-0.00011299626579653353
3.35,-1.941163748355956,0.714607657500592,0.1736506033179106,-0.15337143247710244,-0.30856226907808204,0.05520350386918324,-0.06520320496476156,0.002265025140795833,0.0019025893223260355,-9.75861272657893e-05
3.36,-1.9868764756605182,0.7115495208554163,0.17423237979867046,-0.1537809128933714,-0.31431901374701976,0.05982172565483923,-0.062021754964551645,0.0023062644992153723,0.0019386516660872043,-0.0001480200411636462
3.37,-2.0335132683203923,0.7084318395324449,0.17486061178034287,-0.15416312451864025,-0.3201339796953885,0.06458521217269758,-0.05886324593710393,0.002318949786812326,0.001996256593539499,-0.0001833635441476398
3.38,-2.0810998675864396,0.705254077777156,0.17553684303800618,-0.15451801753188205,-0.32596407765908997,0.06949890343455611,-0.05570194454985242,0.0023741656505095084,0.0020601635307624126,-0.0001928284957763052
3.39,-2.1296595849974045,0.7020158768474746,0.1762625316964499,-0.15484569853656094,-0.3317980733956787,0.07456509408157788,-0.05255311939377716,0.0024400869390901873,0.002128261247663494,-0.00021725445339868706
3.4,-2.1792052344322412,0.6987162801680687,0.17703857478563834,-0.15514588574002813,-0.3377001929383522,0.07971085030814992,-0.04938503263498786,0.002442660790841458,0.0021240060284869427,-0.0002095107740640291
3.41,-2.229782216491202,0.6953544038012541,0.17786644218967185,-0.15541860015535708,-0.3436531904405409,0.08500580498860771,-0.04621713653758089,0.002461864345280271,0.002190796486755822,-0.00022083873324933343
3.42,-2.2814076606028713,0.6919299281091374,0.1787472392787925,-0.1556640304410612,-0.3496105072278275,0.09040074534067996,-0.0430695406822372,0.0025282203285215024,0.0022108966499338085,-0.0002513455934021351
3.43,-2.3341190025689733,0.6884410859545401,0.17968242352855512,-0.15588204090290475,-0.35570235716072107,0.09593522889965994,-0.03989929059206762,0.0024639520650495783,0.0022704667887527364,-0.0002385535178317154
3.44,-2.387951448677559,0.6848872851296837,0.18067298634640389,-0.1560730497332489,-0.36182663471351534,0.10155404324222642,-0.03676812073075583,0.0025026617461497394,0.0022776797958382446,-0.00028625288804900686
3.45,-2.4429529611743828,0.6812681544844986,0.18172098922618435,-0.1562376260788065,-0.3679446469399763,0.10737572162420544,-0.033676063025455644,0.002578652357036552,0.0024069704807344796,-0.0003329460610711092
3.46,-2.4991346022765377,0.677583275463284,0.18282753849153127,-0.1563755805539892,-0.37407697410346535,0.113309981804588,-0.030552485506402938,0.0026342845863240706,0.0024489429341971606,-0.0003082732606920598
3.47,-2.556531026196198,0.6738311089404726,0.1839932633977018,-0.15648714199852198,-0.38033151646791113,0.11927413161079939,-0.027444436575622067,0.002583832305961974,0.0024099683096210703,-0.00032933582876949736
3.48,-2.6152072698876747,0.6700107383445477,0.18521968826341229,-0.15657267399959435,-0.38664069989763905,0.12538832946573214,-0.024343784487049103,0.0026005165150359347,0.0024940349431969416,-0.00034133828425745926
3.49,-2.6751940813677773,0.6661217948158527,0.18650822037418016,-0.15663271931451875,-0.392957219682866,0.13163213788840167,-0.0212733830754695,0.002664559874989495,0.0025622987983575443,-0.0003748633792284391
3.5,-2.736534784391225,0.6621635627829691,0.1878605385490817,-0.15666750792318107,-0.3993094449428466,0.13803047034502924,-0.01818941612977945,0.0026996091639267155,0.002659215478096157,-0.00036386820355177666
3.5100000000000002,-2.7992540208946903,0.6581350988073649,0.18927689549617077,-0.1566773443172247,-0.40572414282389596,0.1444375642160576,-0.015116810202317393,0.0027102666733278486,0.0026143801919296735,-0.0003764279229630752
3.52,-2.863416215342886,0.6540354547323534,0.1907584434296141,-0.1566629203482829,-0.4122136648752501,0.15093511990682693,-0.012074585127711313,0.0027093357549493407,0.002655564391093511,-0.00040689453100890957
3.5300000000000002,-2.929064828286824,0.6498642137594944,0.1923063707834913,-0.15662477877150935,-0.4187115751820782,0.1575399051748583,-0.009046145827779295,0.0027752349054687027,0.002719167879708174,-0.0004198193731945036
3.54,-2.9962483291879924,0.6456203427037129,0.1939219031350694,-0.15656377522502235,-0.4252685121728371,0.16424267184621694,-0.006054403174348799,0.0027912472272434924,0.002778659575328828,-0.0004547599569675069
3.5500000000000003,-3.0650027616973228,0.6413023405974657,0.19560505238477777,-0.15648024381443426,-0.4319655837774778,0.17092127716696529,-0.003061239669156307,0.002729052344675999,0.0027198678913954687,-0.0004511733306260915
3.56,-3.1354027035401426,0.6369095493489326,0.19735673361663308,-0.15637523382392568,-0.4386915954207439,0.17766421370273391,-0.00011868604688347606,0.0027795549296056724,0.002756344586454679,-0.000498801246096283
3.5700000000000003,-3.207507255877712,0.6324413339753209,0.1991787360414472,-0.15624963083020504,-0.44544938858120325,0.1845684547034046,0.0027980591166202884,0.0028265750055192934,0.002896563935177865,-0.0005217441030202379
3.58,-3.2813496999463307,0.6278970225329866,0.2010717567856403,-0.15610341177055626,-0.4522506089393684,0.19153440966524793,0.005774890998189175,0.0028630455011093457,0.002943046940233746,-0.0004600268948039447
3.59,-3.356997100637033,0.6232756970659458,0.20303644467928303,-0.1559378653729474,-0.45911895489780014,0.19853048996099315,0.008681694381763028,0.002877875332726375,0.0029655262957091846,-0.0005283484037134818
3.6,-3.4345019225067186,0.6185761633798758,0.20507310288930128,-0.15575331246452245,-0.46608031295500313,0.20554089081839366,0.011619033965749564,0.0028687811681156693,0.0029783280630538023,-0.0004978183727698581
3.61,-3.5139235111889553,0.6137979042947688,0.2071821961693343,-0.15555035787436955,-0.47308041371210713,0.21257472155159646,0.014556486763252552,0.002915961160538793,0.0030082917486676133,-0.0004993386504033497
3.62,-3.5953261147093563,0.6089397679236381,0.20936423221763312,-0.15533042709635086,-0.48016889073428914,0.21962910627923088,0.017427710264903667,0.002915698079944888,0.003043719814894034,-0.0005685610381553639
3.63,-3.678777620193735,0.6040008017215314,0.21161976220392142,-0.15509436581350544,-0.48732997318464516,0.2267183565663398,0.020284266136674278,0.0029327819625211216,0.003101766537908864,-0.0005888705069081493
3.64,-3.7643241878597866,0.5989790003756125,0.21394815936357248,-0.15484241033853527,-0.4946764388887309,0.23372163319839453,0.02318119345580888,0.0028409278994977155,0.0030451401157742053,-0.0005582805545999442
3.65,-3.8520578261647866,0.5938744495419725,0.21635024205677073,-0.15457546936245792,-0.5020022511608113,0.2407905639687046,0.026061703005723413,0.0029559940763053015,0.003151305765039572,-0.00058798945354031
3.66,-3.942008681101379,0.5886862260006176,0.21882580059880263,-0.15429412582830307,-0.5094053373736606,0.2478262394253167,0.028954662058539526,0.002975944999154295,0.0031677437370972897,-0.0005935255844408201
3.67,-4.034274355978298,0.5834134701408503,0.2213757434214378,-0.15399909911804216,-0.5168754520464649,0.2549476128554546,0.031863073976499734,0.003006159436639292,0.0033130184557186165,-0.0006016562795498838
3.68,-4.128886258200691,0.5780550279409747,0.223999176813486,-0.15369051514278353,-0.5244697715119551,0.2619648009079025,0.03481913062788666,0.002982963893746473,0.0032774562104574225,-0.0005841868308279529
3.69,-4.225933416031104,0.5726091823613101,0.22669549142835865,-0.1533690539721675,-0.5322188073617583,0.2689108138789217,0.037781923611536705,0.002932231126683864,0.0032843152265706757,-0.0006144977080017056
3.7,-4.325482846118592,0.5670752622914442,0.22946442221088278,-0.15303505599642345,-0.5400455819258709,0.27582712543473453,0.040780190318723125,0.00296055867686006,0.003343567945659205,-0.0006237734084877862
3.71,-4.427580522447679,0.5614520924814541,0.23230497571482756,-0.15268837322531426,-0.547983005440422,0.28264893120898205,0.043856792181124676,0.002958908387669839,0.0033482835061206606,-0.000599352545706785
3.72,-4.532300414436797,0.5557386189854332,0.23521644369075229,-0.15232892083764368,-0.5560452485127447,0.28941435898046036,0.04700539287749381,0.002945231543767097,0.003401753163949334,-0.0005909745547664196
3.73,-4.639724781960601,0.5499343260783572,0.23819882056007974,-0.15195778009523397,-0.564157676289189,0.2961810795666975,0.05013124665789484,0.0030071453038095627,0.0035262011435442824,-0.0006860483079769455
3.74,-4.74987925779361,0.5440386994664241,0.24125065784173666,-0.15157409914838052,-0.5723359894015839,0.30283765619823927,0.05338848669938598,0.003056050811940456,0.0035509730304790986,-0.0006386808449190937
3.75,-4.862832081620637,0.5380508981045264,0.2443704948706936,-0.15117801387767615,-0.5806314465474839,0.3093655052084345,0.05668910281323966,0.003056404832302194,0.0035695972768826703,-0.0006903672702770731
3.7600000000000002,-4.978661433715182,0.5319694260286,0.24755751463539424,-0.15076878545841702,-0.5890856536192868,0.3158521564658496,0.060126507761772224,0.00301592529131518,0.0036865565821397536,-0.0006617472786160877
3.77,-5.097380545247727,0.5257928770849948,0.25080835509680943,-0.15034526250063146,-0.5977335729957935,0.3220452005360337,0.06369564959291135,0.002945956772853377,0.0035622260934162057,-0.0006518434123578986
3.7800000000000002,-5.219097438239352,0.5195211267066387,0.25412271217574933,-0.14990658160131703,-0.6064227419178563,0.3282668013882722,0.06741698272776045,0.003027261257926724,0.003773410382304912,-0.0006350546632940664
3.79,-5.3438222575884655,0.5131530070256518,0.25749839270314584,-0.1494518099070111,-0.6152699625475844,0.3343386061798026,0.07126492839082049,0.0029938223135105462,0.003818718435012487,-0.0006577758747137088
3.8000000000000003,-5.4715931459331975,0.5066888397735458,0.2609329238682964,-0.14897921513926365,-0.6241441117456861,0.34023343152059,0.07530276085069687,0.0030940007398569756,0.0038511211007285977,-0.0006319632422983728
3.81,-5.602447493241419,0.5001274259570334,0.2644233447144199,-0.14848791979698345,-0.6331847007716254,0.3459033328747311,0.0794454116866227,0.0030579414969741873,0.003848932848200868,-0.0007051109340116239
3.8200000000000003,-5.736461527186978,0.49346878738816946,0.26796847121788964,-0.14797633669820054,-0.6422941026173795,0.3515617720652472,0.08378387276053789,0.0031179552525278857,0.004074179183120474,-0.0007019331867133096
3.83,-5.873619020089914,0.48671225905685356,0.2715646346517233,-0.14744280988306968,-0.6515348162808867,0.35694070421423935,0.08827910499557631,0.003118968337927187,0.004045557893327207,-0.0007523351675229079
3.84,-6.013972553459089,0.47985708490160406,0.2752085725012474,-0.14688506341251634,-0.6609423671169713,0.36210996214248825,0.09299641973155179,0.0030863045272253153,0.004099820591729852,-0.0007526918667510504
3.85,-6.157539285106977,0.47290262615187206,0.27889671329549554,-0.14630052932308066,-0.6705028352334265,0.367053586016544,0.09794348547367504,0.00306939677900918,0.004151872814681791,-0.0007603207036975904
3.86,-6.304334164157227,0.46584865907759265,0.2826256833325074,-0.14568599011518654,-0.6801908826192683,0.3718104004788931,0.10318741104133208,0.0030787141970194925,0.004256422420830407,-0.0007161745081137002
3.87,-6.454361608432673,0.4586951959003879,0.2863917107193257,-0.1450389795644219,-0.6899829251552725,0.3763361189900882,0.10863626015371505,0.00311298236816392,0.00433229332088801,-0.0007770769698631453
3.88,-6.607610875395417,0.451441769260315,0.29019005921688046,-0.14435614368107857,-0.6999519034038004,0.38054807691385173,0.11434809133147028,0.0030773160655164816,0.0043397459687437735,-0.0007936286029001886
3.89,-6.7640778557087256,0.4440891902712618,0.29401660785659367,-0.14363368781655292,-0.7099656229282469,0.38452687393997464,0.12035839226028974,0.003174760081958403,0.004444191582804811,-0.0007875425655796172
3.9,-6.923745568259154,0.4366374025166737,0.29786689733721006,-0.14286819630656586,-0.7201351594693616,0.38825161012555787,0.1266167014347814,0.003162336294177825,0.00454312148006975,-0.0008429880953191369
3.91,-7.086594361329269,0.4290861974334177,0.3017359212684438,-0.1420556492465396,-0.7304817874731134,0.39166026429587075,0.1331585199906627,0.003130489697909926,0.004595264270174709,-0.0008735896228788613
3.92,-7.2525793840891595,0.4214367336160867,0.3056185138889189,-0.14119070711813686,-0.7408805340445812,0.39479548815902815,0.14007076617722017,0.0032243974736255255,0.004706749769813597,-0.0008277683706758686
3.93,-7.421643280657486,0.4136888842780735,0.3095084262152348,-0.14026903545958636,-0.7514912392438551,0.397505480244188,0.1472208046950652,0.0031619633592212767,0.004682416494886795,-0.0009218723065496943
3.94,-7.593772764493496,0.4058433232313625,0.31340088908942054,-0.1392853230749205,-0.7622157956476587,0.39997613622828254,0.15470056033489327,0.0031971506396376225,0.004860596677871052,-0.0009302196132940588
3.95,-7.768838073920286,0.3979004517746646,0.31728826211929123,-0.13823247740206257,-0.7731370764376239,0.4019540132496021,0.1625769907224615,0.0031532418244758433,0.004800945001421393,-0.0008782742785082723
3.96,-7.946804198654542,0.389861828987883,0.3211651299550291,-0.13710406832804045,-0.7841293589411097,0.4036617979521919,0.17079734624886647,0.0032345070967851985,0.004981818441450173,-0.0008812886810968254
3.97,-8.127540678823301,0.3817278171418197,0.32502410024204004,-0.1358928827950517,-0.7953306909539881,0.4049009291017197,0.17934646006738775,0.0031803603635740616,0.00498035140235981,-0.0008999723196546311
3.98,-8.310957115700633,0.3734992206282045,0.32885756203997757,-0.13459123773741205,-0.8067030079879555,0.4056441277443559,0.18819698642954252,0.0031670189268155225,0.0049692583075985316,-0.000943426888533374
3.99,-8.496931041178033,0.3651776732002393,0.33265801373281445,-0.13319092048327266,-0.818174349490482,0.4059129696913556,0.1973382537950989,0.003227663841554761,0.004998159940468456,-0.0009918230587374329
4.0,-8.685325901874016,0.3567640582668593,0.3364174372679479,-0.13168299503962586,-0.8298108177932113,0.4056522393924976,0.20675687540430962,0.003224512721497759,0.00498974988291626,-0.001044614638267729
4.01,-8.875974553225928,0.34826065448321986,0.3401274174575484,-0.13005704212686126,-0.8414895865885987,0.4048336723245118,0.21648582320562682,0.0033464542478549362,0.004972554311768232,-0.0010529881947740766
4.0200000000000005,-9.068736146052853,0.33966773811408446,0.3437792314825979,-0.12830227675324674,-0.8534401106709479,0.40344954803542904,0.2265108566617678,0.0032405722335829383,0.004963390630073396,-0.0010593694544922471
4.03,-9.263517120952422,0.33098668230729467,0.34736608416998416,-0.12640963435843988,-0.8654954911720537,0.401619800274265,0.23666251974912703,0.0033005214176232943,0.005093550175416956,-0.001211929702699391
4.04,-9.460125539467395,0.32221894364948456,0.3508792934048246,-0.12436713652679085,-0.8776870910779957,0.3992158228978017,0.2470592052166315,0.003329525293787095,0.00511283608857761,-0.0012213603481826723
4.05,-9.658373450826716,0.313365078525792,0.3543084988638171,-0.12216115755390804,-0.8901216896422087,0.3960467946515852,0.2577151130333577,0.0032542164336265855,0.0049579461608540475,-0.001188079052436237
4.0600000000000005,-9.858179233011947,0.30442608406132243,0.3576462516983178,-0.11978047752373315,-0.9027042607729707,0.39237582629183576,0.2684831272994803,0.00327114703338379,0.005084322431157752,-0.0012652753210299782
4.07,-10.059369028475064,0.2954024740856569,0.36088345491361085,-0.11721351064709545,-0.9154703877309841,0.3879787741815397,0.27929442739378796,0.00325262571715077,0.005005204007621569,-0.0013705490340052595
4.08,-10.261824126008616,0.2862955902700166,0.3640117178969707,-0.11444758995375326,-0.9283549967035929,0.3829448804596514,0.2902186145965419,0.0032959230301716517,0.005034074599451713,-0.0013615391037341946
4.09,-10.465424062421649,0.27710652907605404,0.3670227307243114,-0.11147169414585353,-0.9413224137368534,0.37722793598175874,0.3011257988552437,0.003371127882267037,0.005036803251709611,-0.0014322684971488917
4.1,-10.670083069354106,0.26783608197995556,0.3699085325481667,-0.10827577697975857,-0.9543992064921456,0.37081990950592714,0.31198746848797043,0.0034147798053142876,0.005051549429958309,-0.0014769135327898611
4.11,-10.875703359033995,0.2584843180639631,0.3726593064053994,-0.10484963470493398,-0.9677083969087303,0.3635034850028872,0.3228133542793691,0.0033314375647593084,0.004867813227948772,-0.0014538379272540558
4.12,-11.082322869596577,0.2490523123693309,0.3752688034327632,-0.10118819589630648,-0.9810215318927813,0.3555432827528864,0.3334197017959983,0.0034672443584884325,0.004972090727126755,-0.0015520498084462223
4.13,-11.289955522725808,0.23954065580408734,0.3777309753100049,-0.09728897334961752,-0.9944294140456423,0.34690821287981893,0.3437827123768692,0.0035004795930821666,0.005067758615204173,-0.0016090128869607776
4.14,-11.498663847105018,0.22994903811861533,0.3800384543828386,-0.09315176612074642,-1.0080355546856177,0.33739090811709027,0.35387843056686247,0.0034191604459951177,0.004978211296883779,-0.0016237497701045078
4.15,-11.708589593865101,0.2202773200592294,0.3821846999022439,-0.08878058147637558,-1.0217994726620743,0.3270129036785132,0.3636522711078767,0.003363560353177156,0.004933988855462523,-0.001626397370032659
4.16,-11.919903389217511,0.2105258911027562,0.3841645941537361,-0.0841846332853007,-1.0356245512974482,0.3157880220178183,0.37301124082227954,0.003386718661986146,0.004930502300163911,-0.001656192729101215
4.17,-12.132841116889487,0.2006947156682506,0.38597381682582693,-0.0793785803651913,-1.049553243206286,0.30371577244858816,0.3819002624775295,0.0033451354277481775,0.004953900966284525,-0.0016772562797550668
4.18,-12.34769401431875,0.19078446548457217,0.3876097393091783,-0.07438267541753237,-1.063455337606279,0.2908703640935199,0.39026054101774077,0.0034059128638029485,0.005081711167260047,-0.001696629161838092
4.19,-12.564745319132644,0.18079532738313608,0.3890688619322062,-0.0692212599340484,-1.0774023366952525,0.27705239954838856,0.3980881847746261,0.0033643950031538917,0.005039724053645692,-0.0016644209428792632
4.2,-12.78435861787202,0.17072652635236152,0.39034797649313047,-0.06392383700455354,-1.091447394905317,0.2621396788667403,0.4053333842207877,0.003234732944129885,0.0049050884892234995,-0.001631781866482163
4.21,-13.00697271404934,0.16057829238816557,0.39144753417032313,-0.058525637486026724,-1.105358528114576,0.24642319923067366,0.41190410743501193,0.0032906632171143336,0.005094338815158273,-0.001646482304651793
4.22,-13.232910853804153,0.15035042988495462,0.3923657449171364,-0.05306279195220462,-1.119212513928019,0.22958472005160152,0.4178800211173361,0.003220359140825049,0.004994954196622748,-0.0015449778053357277
4.23,-13.46260736152523,0.14004201951976458,0.3931021241999653,-0.0475744689370686,-1.1329681220194607,0.21164077469517192,0.42319530438475633,0.003133065477762778,0.004940635186168238,-0.0014786561571427106
4.24,-13.696462801871926,0.12965272946634998,0.39365773168586377,-0.04210073654626921,-1.1464143768961497,0.19268338362167645,0.42776694765016016,0.003187760896676363,0.005007990311900958,-0.0014693668156200343
4.25,-13.934830482456919,0.11918072914870681,0.3940318634614292,-0.036680200552499195,-1.1596763625079076,0.1724976895053011,0.43164680392063987,0.003042510514537246,0.004882871988547267,-0.0013890808627824737
4.26,-14.178096277347437,0.10862507334678351,0.3942255689914468,-0.03134917731200043,-1.1725391859565246,0.15129640828835306,0.4348163996260429,0.003025047685465332,0.004990457136977093,-0.0013119636089968863
4.2700000000000005,-14.426510946970895,0.0979846292362696,0.3942379261214233,-0.026140047118901374,-1.1849412651227755,0.12885834536121696,0.4372342902963963,0.0029760492132745583,0.004891996892574175,-0.0012648347089452103
4.28,-14.680355495228648,0.08725938761729479,0.39406940904137633,-0.021080956116504374,-1.196679046839041,0.10547884076626327,0.4388643129199053,0.0030257529302939274,0.005099091462887027,-0.0012436429300756594
4.29,-14.939743345099265,0.07644879391365222,0.39371691160818134,-0.016194281414220246,-1.2078439085138843,0.08082818261475849,0.4398094278986542,0.0028781649718402236,0.004974634280135147,-0.0011176210502582278
4.3,-15.204786743106881,0.06555443031349961,0.3931769961180193,-0.011497204721004017,-1.2182084682829188,0.055019508779405535,0.43999837712663037,0.0028466204729903316,0.004956281016060923,-0.0010629168590152774
4.3100000000000005,-15.475480896923491,0.054579121633426375,0.392445744623494,-0.007001943254440118,-1.2276643210881686,0.02817181607485253,0.4394356357332066,0.002808304900163612,0.005040160658893874,-0.0010089399468537765
4.32,-15.751681409559987,0.04352836576536401,0.3915176565861503,-0.0027151908908068234,-1.2360813712787462,0.00023684662068182427,0.4381986401030488,0.002788823768701917,0.00504846210102753,-0.0008923137678778015
4.33,-16.033149149382027,0.03240973756691645,0.390385082980813,0.0013601533539287919,-1.2433649334166719,-0.028892378980236888,0.43624055571297693,0.002757491117686187,0.0049123171260147536,-0.000845488251155132
4.34,-16.319603910268047,0.02123306761305932,0.3890418327353726,0.005224583043609232,-1.2493910011821054,-0.058902026836774146,0.4335857203394039,0.0027479791742636784,0.005041490511013545,-0.0008044048025194678
4.3500000000000005,-16.610576926594906,0.010011097785627254,0.3874797756354224,0.008881596939528322,-1.2541146081599028,-0.0899488218304462,0.4303516675228593,0.002695438390717025,0.004952909487822659,-0.0006911404218611273
4.36,-16.905575206801142,-0.0012402206649578806,0.38569271687550494,0.012336976301609306,-1.2573289054932257,-0.12173161547761505,0.4264481228087487,0.0027710175409356944,0.005096766075296159,-0.0007172725920233091
4.37,-17.20400115340396,-0.012505184110002565,0.3836730295979381,0.015597071247184235,-1.2591808609440505,-0.15442704441105526,0.42201631954049756,0.002640806138257504,0.004981318854705548,-0.0006664203820002633
4.38,-17.5052514730153,-0.023765356574301233,0.3814143675658547,0.018669411815269252,-1.2595642445370592,-0.18786868446445384,0.41709771536861945,0.0025750116021534125,0.004943084784590442,-0.0006446087779150257
4.39,-17.808645093742058,-0.03499980809448655,0.37891360256401463,0.021562547769679613,-1.2583808157449659,-0.22174496763312015,0.41178652020282464,0.0025795326645824622,0.005122265076940231,-0.0006022294112394043
4.4,-18.11345019075369,-0.04618863141245988,0.37616683124887534,0.024284554775675884,-1.2557163951680388,-0.2562059272699805,0.4062101752012833,0.002493472889341053,0.005051655556050876,-0.0005139587305005044
4.41,-18.41900544993498,-0.057311571086188784,0.37317193851571706,0.026843269107330536,-1.2515521391913518,-0.29111217931687194,0.4003446076695171,0.002435734868550951,0.005020758754680495,-0.0005277056855529049
4.42,-18.724612104558094,-0.06834790429361537,0.36992910450777927,0.029246794295998024,-1.2458310583254126,-0.3262807614611781,0.39429928976071776,0.0024578415017630327,0.005075811062556194,-0.0005067944803094132
4.43,-19.185529258349426,-0.07927967839544947,0.36643892526626587,0.03150207355618477,-1.238745093345642,-0.36176249993137166,0.3883143365383148,0.0023266927174659105,0.0049840241189579495,-0.00032294261924392854
4.44,-19.49338784071871,-0.090091300961334,0.3627034203396552,0.03361562228695367,-1.2302936709625536,-0.3974129374852618,0.38227508195861454,0.0022398593822653737,0.004947867612115585,-0.0003177535670431058
4.45,-19.799733036670837,-0.10076743791885201,0.35872650820396573,0.0355942156089096,-1.220475329108864,-0.4330704621428473,0.37631586792251887,0.002203246742414645,0.004991388295932551,-0.00023517597486271107
4.46,-20.104159534028454,-0.11129630086551412,0.3545125021328731,0.03744407865100029,-1.2093993165226855,-0.4687149369499462,0.3705396524931288,0.0021087381408474368,0.0049797054586236955,-0.0001010816230477536
4.47,-20.406347525981722,-0.12166777919993965,0.3500664909293198,0.039171532262763,-1.1970860701741024,-0.5042571097848731,0.3649625190328335,0.002044971607132272,0.0049897556483152646,7.337070967280456e-06
4.48,-20.706034932244663,-0.13187397655246524,0.34539320677135815,0.04078276203454563,-1.1835821325961906,-0.5397084271026611,0.35963485198395095,0.0019838686293383243,0.0049280317678053395,0.00013030218624757587
4.49,-21.00307045498852,-0.14190915113228775,0.34049881372561713,0.04228428020982383,-1.1689227196789385,-0.5748558311042509,0.3544916690800402,0.0019302524032683813,0.005025737300327067,0.00016682872180597935
4.5,-21.297325614436886,-0.15176995421414918,0.3353874806980774,0.04368203161907651,-1.1531814306836832,-0.6098725884964751,0.34966989663257286,0.001845329822550948,0.004901121595847775,0.00031603868732087815
4.51,-21.588739045272348,-0.1614528074687357,0.3300653157243567,0.044982988061141385,-1.1363146796400911,-0.644489905259791,0.3451414725708281,0.0018368123836147833,0.005001678170688067,0.0004250165271537128
4.5200000000000005,-21.877302580750477,-0.17095730036665346,0.32453693907174336,0.04619314033462142,-1.1184555457595018,-0.6787604027737904,0.34092199199639334,0.00172524420864881,0.005007419250334054,0.0005395546258741126
4.53,-22.162998924562817,-0.18028171980766605,0.3188072120846501,0.04731907400656293,-1.0995051235845625,-0.7126091759885451,0.33699226708543334,0.001736011054957387,0.00505030418184311,0.0006309834097471639
4.54,-22.445830262969004,-0.1894259111150256,0.3128802242150577,0.0483667735597737,-1.0795162572870185,-0.7460210120050291,0.33336761711215845,0.001714962675519171,0.005071809676960717,0.000735402832716905
4.55,-22.72584575115519,-0.1983903839311938,0.3067585184696836,0.049341089636797564,-1.0585558535336534,-0.7790393176168054,0.33003775679945097,0.0016449391817590262,0.005013936450037456,0.0008281249768748677
4.5600000000000005,-23.003053714954607,-0.20717476245670807,0.3004449990638104,0.050246979517415746,-1.0365742277010992,-0.811587246229184,0.3270524478410964,0.0016389171207464967,0.004997483398889958,0.0009690917872331273
4.57,-23.277489282544963,-0.21577975235754754,0.2939413223982135,0.05108806910812923,-1.0136589000503673,-0.8436547973288591,0.3243628608020506,0.0015572222217679706,0.004955256475080326,0.0010624710790576586
4.58,-23.54917398932833,-0.22420547178385408,0.2872480761720717,0.05186714276543759,-0.9898073824191048,-0.8752486298929779,0.32195875488721715,0.0014878693305905698,0.004871325160408091,0.0011471529600153142
4.59,-23.818051449521636,-0.23244990159285095,0.2803677301079963,0.0525875197346372,-0.9649581722362139,-0.9061585915445306,0.3198379898628019,0.0014863763100617022,0.004961662123020851,0.0012359255084236499
4.6000000000000005,-24.08399643050653,-0.24050971975268554,0.2733025798825339,0.05325211159219782,-0.9391138953186292,-0.936371077340571,0.3180447025486216,0.001488620597952895,0.005029724400965563,0.0013718557079888168
4.61,-24.346888030341013,-0.24838173178807876,0.26605297417386375,0.05386218166206615,-0.9123058407098205,-0.9659555431317213,0.31649934391287043,0.001466623353134918,0.0049934298286088905,0.001432439864635728
4.62,-24.60657033918915,-0.2560621554543434,0.2586185815410077,0.05441859292340043,-0.884518977640421,-0.994934329646314,0.31522317972986513,0.0014668205212224727,0.0049011543980550815,0.0015156687671787452
4.63,-24.862819207163902,-0.26354459410502473,0.25100207128528157,0.05492317698811289,-0.8557521558249532,-1.0230256479143534,0.3141778942698501,0.0014717499318767581,0.005055520861028148,0.0015698910813309608
4.64,-25.115388939228684,-0.27082397052004914,0.24320376420168704,0.05537683785969977,-0.8260802727137192,-1.0503638424698343,0.3133840245445992,0.0014083258152091775,0.005040376330469562,0.0016478412806300077
4.65,-25.36406185212436,-0.2778948578935192,0.2352222139855814,0.0557792482522695,-0.7955369115566499,-1.077000858798042,0.31272489067424003,0.0013159319135171944,0.004939638379188975,0.0016163895638103161
4.66,-25.608562038228264,-0.284750526073726,0.22705840961413692,0.05613248354037291,-0.7641192285957502,-1.1027825048092692,0.3122918854714719,0.0012307394044822827,0.004956663944667,0.0016815813703684422
4.67,-25.84858994847651,-0.2913838951484976,0.2187124973369989,0.05643791293271125,-0.7318859427149834,-1.1276898669791524,0.3119498372819593,0.0010895883644812482,0.0049563316713115,0.0016238986156827634
4.68,-26.083869318130787,-0.29778860823676645,0.21018573296613713,0.05669863108351955,-0.6989230027811885,-1.1516260456822451,0.3117194631325332,0.0008645215253436474,0.005012197855458836,0.0016000202571027854
4.69,-26.314050427001646,-0.3039564087893124,0.20148012447682545,0.05691967501890806,-0.6651629851892945,-1.1745918704536367,0.3116257344966273,0.0007100276136183655,0.005024388604504062,0.0016109610950768242
4.7,-26.538779226428765,-0.30987928625846595,0.19259612254711478,0.05710551508242909,-0.6305903122758774,-1.19667672165744,0.3115500875978892,0.0005736569758043422,0.004904525130224619,0.0015150886157511568
4.71,-26.757673711683978,-0.31554768785885723,0.18353862593536038,0.057264283068911515,-0.5951910052280581,-1.2176340270041717,0.3115263307299272,0.00045408894846349454,0.004982720968122012,0.0014674209682908213
4.72,-26.97029337102296,-0.3209519489768087,0.17431284660716162,0.057405937449458516,-0.558911198878172,-1.2374986472712153,0.31156081714605177,0.00039263194072389624,0.004973863672076989,0.001435428433210566
4.73,-27.176219816998312,-0.3260821738570149,0.16492539025782296,0.05754192616463023,-0.5217318259542274,-1.2562168514890726,0.3116119114062904,0.0003554354367415174,0.004963377966623116,0.0013708305560418083
4.74,-27.3750602029456,-0.33092930838039103,0.15538506115193304,0.05768543429004998,-0.48371415466233414,-1.2736616957705857,0.3116398190535118,0.0002634995497055659,0.005018644415866469,0.001277047165932468
4.75,-27.56642728143482,-0.33548466311965786,0.14570075377402858,0.057852435901260935,-0.4448094408908317,-1.289891946727295,0.3117033847974268,0.00023034616703649226,0.004950020104077614,0.0012435574002693647
4.76,-27.74999889648065,-0.3397411053237026,0.1358818702136762,0.0580576842029588,-0.4050867964080228,-1.3048488138835772,0.3116519963962655,0.00013903699600663517,0.004873084007128818,0.0010646124640696665
4.7700000000000005,-27.92545465184915,-0.3436912706686497,0.125942559685494,0.05831920743022831,-0.3645316950049425,-1.318304690534926,0.31152818457190945,7.96457255874459e-05,0.004952487107899237,0.00093054761089093
4.78,-28.092475567638722,-0.3473286360310528,0.11589896566587318,0.058657944180554075,-0.32312703446049795,-1.3301930067096717,0.3113999853417769,6.155522959370259e-05,0.005025854047985489,0.0008586780964229697
4.79,-28.25080976948168,-0.35064859221040845,0.105765765271826,0.0590924918502808,-0.28090698894416255,-1.3405759241265114,0.31115259221415176,3.742778355700116e-05,0.004967446110215628,0.0006619283561973133
4.8,-28.40029509028258,-0.3536474896331936,0.0955607223378408,0.05964368206947847,-0.23797822739264837,-1.3492809850102618,0.3108334651872543,-5.683465632759716e-05,0.005012212358382716,0.0004993123623056419
4.8100000000000005,-28.540769071998717,-0.35632335408457927,0.08530274037310805,0.06033257770773258,-0.19433262092896053,-1.356249325332779,0.31045241977519267,-9.844622724357103e-05,0.005050624493339837,0.00032539200541864804
4.82,-28.672164169842183,-0.35867588645481385,0.07500880987523524,0.06117887410801122,-0.15007898530527408,-1.3615492653854546,0.3099863061983778,-0.00019879576503735588,0.004962272772838991,0.00010078349821847959
4.83,-28.794464848217327,-0.3607062240870087,0.06469622231682719,0.062203738853188466,-0.10523038124275785,-1.3651539847455771,0.3095203320498553,-0.0002547242648296608,0.0048468344497999485,-7.528178933418581e-05
4.84,-28.907706084134794,-0.3624164638024656,0.05438801569663447,0.06343007850233394,-0.05990229947043603,-1.366740893663257,0.30912807865905784,-0.000356941534929564,0.005004275399796786,-0.00021687883824168444
4.8500000000000005,-29.011970368284505,-0.36381109226501773,0.04410415501832737,0.06488033330870033,-0.01418097130133663,-1.3664333538669697,0.308870220135459,-0.0004719672907165207,0.004995779555634945,-0.0003468115530315438
4.86,-29.10741233044382,-0.36489507847639546,0.033863244160549075,0.06657704722428631,0.03195891972412053,-1.3642642373466056,0.30882909463570374,-0.000484557869080214,0.004918737401692904,-0.0004546000933679161
4.87,-29.194286787114272,-0.3656759001700335,0.023685633795218486,0.06854377568762846,0.07834082959255498,-1.3600890233428418,0.30910152260653084,-0.0005905580675977322,0.004954577961651408,-0.0005303031844063186
4.88,-29.27291141024288,-0.36616270917456395,0.013591196548586246,0.07080467862178216,0.12487652084015868,-1.3538705898721126,0.30979451588223716,-0.0006989468650934015,0.005000484602414768,-0.0005729756677550109
4.89,-29.343679657266918,-0.36636609281714827,0.0035979803953986172,0.07338319655072381,0.17152320725827624,-1.3456177022315698,0.3109849856057802,-0.000764790187194675,0.005015840424872652,-0.0006241001538238076
4.9,-29.407060966579362,-0.3662974776930814,-0.006277804296986836,0.07630239332365735,0.21823141146017275,-1.335317421791763,0.31276301589075206,-0.0007967784428421757,0.005027842048412854,-0.0006827849375085807
4.91,-29.46363392013625,-0.3659705599882126,-0.01602209761422474,0.07958863763756968,0.26487724701958854,-1.3229475041794523,0.3153257120531537,-0.0008725473889304986,0.00504408999554867,-0.0006529642646538371
4.92,-29.5139908334013,-0.36539820584400895,-0.025625210293003534,0.08326525887975093,0.3115334598937329,-1.308546494708759,0.3186808470646687,-0.0008043730571338964,0.005010021991608395,-0.0007402088687776342
4.93,-29.558812804712968,-0.3645941200906009,-0.03508130955964861,0.08735903287824467,0.35808340688049684,-1.2920958307102466,0.3229985297322703,-0.0007899843576686118,0.004979992244521312,-0.0007901640528068141
4.94,-29.598804087567352,-0.36357093869828994,-0.04438999113484812,0.09189992488566151,0.40451015354769027,-1.273598519921376,0.32840801326776076,-0.0007420800249450555,0.004927042771000262,-0.0008484065790298564
4.95,-29.63468342248494,-0.3623395133198569,-0.05355323188185958,0.09692176389503274,0.4507909447234003,-1.2528500204295985,0.33500660701370505,-0.0006767787793462202,0.005052169493929763,-0.0009413495037352825
4.96,-29.667114749908986,-0.36090724215720815,-0.0625827956226397,0.1024664671674452,0.49688844314078456,-1.2299662187470022,0.34290119193782986,-0.0006292429693145616,0.0050172379449142926,-0.0010337053854342108
4.97,-29.696744684225003,-0.3592772352924559,-0.07149530824632763,0.10858689386363499,0.5427573758978035,-1.204762826309102,0.3521628325829259,-0.0006231835966712392,0.005093170126769034,-0.0011079624457863658
4.98,-29.7240693657592,-0.3574447382055004,-0.08031659389254626,0.11534989612741683,0.5884241966216912,-1.1772461641044343,0.3627559974654752,-0.0006084715920113418,0.005041672363795575,-0.0011786382141350342
4.99,-29.749418925452815,-0.35539570105973395,-0.08907850095249321,0.12283706795182102,0.6339990963771185,-1.1472665019647343,0.3744828296742962,-0.0005153196554517971,0.004945301077812025,-0.0012664598081345705
5.0,-29.77297937872027,-0.3531077321752024,-0.09781101930602115,0.13114389590846542,0.679390348994481,-1.114324939335085,0.3870090460572333,-0.0005334955935778805,0.0050529263037188904,-0.001300360363734692
5.01,-29.794642391951818,-0.3505461639233106,-0.10654475386856944,0.14037182066292458,0.7245887748422245,-1.078205095028851,0.3996211088937148,-0.0005429516951934002,0.004940475749958151,-0.001374098579657844
5.0200000000000005,-29.81403649676342,-0.3476661982038475,-0.11529863104365695,0.1506167929575636,0.7694553402867709,-1.0381853720544798,0.41125498607850564,-0.0005645536135417405,0.004952602034861685,-0.0014582155655865133
5.03,-29.83041203997876,-0.34441242892345325,-0.12407639668945178,0.16196554078817285,0.813590087640654,-0.993531053990924,0.4203806675896664,-0.0006671921177021337,0.0049412699463719095,-0.0015036737508626464
5.04,-29.842743491180638,-0.34071860388182784,-0.1328635168795152,0.17451309358237466,0.8563791043332859,-0.9434442355789262,0.42481822701631033,-0.0007867752771011557,0.0048575640959396755,-0.0014866747467888735
5.05,-29.850416934832953,-0.33651441927462666,-0.1416221411188407,0.18842149277843162,0.8966815991957104,-0.8868707630647875,0.42147186668237263,-0.0011086257141592203,0.004964749106207045,-0.0015411995259437769
5.0600000000000005,-29.854716701917997,-0.3317313606556763,-0.15029658587779643,0.20405335106563233,0.9332175121350776,-0.8231027173400733,0.4065580851212138,-0.0014600355211331843,0.005064047685454008,-0.0015590832957827633
5.07,-29.861510146129167,-0.32631271625984826,-0.15880846183413183,0.2221415842266456,0.9647348250637868,-0.7519118679512835,0.37564901059363565,-0.0015698589673051628,0.0050327987499550605,-0.0014594927112839228
5.08,-29.883461520736574,-0.32022812026498726,-0.16701599361219754,0.24379794967342397,0.989613549346769,-0.673887868973194,0.32325823916674246,-0.0016192145888359807,0.004934925045890402,-0.0014515731468524016
5.09,-29.933322206766643,-0.3134553134862924,-0.17460297622596588,0.2697446235424955,1.0064159966029809,-0.5914836042889461,0.24272189460021323,-0.001481282516309658,0.004994376048761062,-0.0014263032131169935
5.1000000000000005,-29.99843609388911,-0.30594092322384236,-0.18091496649661687,0.29842048680600847,1.0149081646308087,-0.5105450589209133,0.12917424217188228,-0.0012714711447587915,0.005014246799258934,-0.0013414004430608501
5.11,-30.031080895611982,-0.2975923567238248,-0.18505271320156208,0.32627777777620426,1.0180453476814535,-0.43762043633907033,-0.00903535361125865,-0.001296924659783304,0.004981022258668247,-0.0011735656087997971
5.12,-30.002562920040145,-0.2884317000544242,-0.18645023257528065,0.35175362428652734,1.0211624081089374,-0.3750951962291085,-0.14589622615473632,-0.0015599057506579235,0.004990356922201753,-0.0007233109974254266
5.13,-29.93847849765073,-0.27886751496026074,-0.1853031271246961,0.3757079592176362,1.0270512679311083,-0.3213725061016868,-0.2559342078095528,-0.002243285540363479,0.005014219061213766,-0.0004305364789903361
5.14,-29.899408827417417,-0.2695128059437205,-0.18225324707794688,0.4001260915016203,1.0353258817016169,-0.27408253259072346,-0.3296692051985223,-0.002908689654365994,0.004859482485906962,-0.00041627291561921085
5.15,-29.954911281362595,-0.26084980340245145,-0.17786840124542647,0.4274608796759319,1.0443962834984843,-0.23202689224195078,-0.37005764494504567,-0.003428259470227299,0.004293452753621977,-0.0002136110566534357
5.16,-30.160525743691167,-0.25319217393855364,-0.17255926793297544,0.45924048681494145,1.0529244311296755,-0.19425522466508577,-0.384097280771385,-0.00363693547266901,0.003942568307210498,-7.645944525747575e-05
5.17,-30.530482944909444,-0.24671088842368116,-0.16669949807123274,0.49470897762942,1.05972168689755,-0.15994738190403426,-0.3777074156037271,-0.00378729261693021,0.003606594195960191,0.00010999814421735366
5.18,-31.021711781926097,-0.24140096225284446,-0.16059439272645049,0.5309100632344118,1.064203840204919,-0.1277963318810664,-0.3543290561649146,-0.003914357401372708,0.0031918352899695736,0.00023195887277755185
5.19,-31.552831874737244,-0.23709075331192786,-0.1543601289215725,0.5643580580123514,1.0665397622791772,-0.09634721702451493,-0.3149680514116604,-0.003962561142736717,0.0026890666760102416,0.0001851079031876731
5.2,-32.038156033564015,-0.23355389914188107,-0.1479371256906855,0.5923551723263594,1.0673396746102617,-0.06438761310237778,-0.2588621426988835,-0.003933227977061403,0.0023601223874647015,-1.8111823712513547e-06
5.21,-32.41049776347421,-0.23066118921430878,-0.14121004282267485,0.6132135698961757,1.0674206649961537,-0.03155571548404232,-0.18355363654425946,-0.0038270280451580744,0.0020953769497529828,-0.0002486747393651289
5.22,-32.63517304300264,-0.22850621116378278,-0.13409228501801246,0.6261659015089931,1.0675626668309792,0.0019511249539169995,-0.08417961754637507,-0.003789150408764998,0.00197648923200111,-0.0003601614112060812
5.23,-32.72120208115865,-0.22751335404675266,-0.12655069276300457,0.6313675106852049,1.0686335103371671,0.035520931366508274,0.046934137992951264,-0.0037075680832891057,0.0019933695857056433,-0.00037859007541539213
5.24,-32.748255433772414,-0.22854736132369802,-0.11847695983788625,0.630722792779146,1.0712217586225086,0.06826775266679057,0.2218853035820434,-0.0035227785094047873,0.002182870154769256,-0.00043186527970332254
5.25,-33.07379038252711,-0.23315985514060222,-0.10879831656571817,0.6359541738887291,1.0755797259991025,0.09718200975288505,0.45877397388405494,-0.003137523788746758,0.0028375797770291067,-0.0005020228423246588
5.26,-35.06255232757378,-0.24390476326443034,-0.09347669045289461,0.6942377703485156,1.0872986745095152,0.11212623530835482,0.7247661465210605,-0.002506809909820583,0.0032681351448727337,-0.0007952436940843463
5.2700000000000005,-39.709175829584034,-0.2592919516832374,-0.07306809508802857,0.825717396730977,1.1271552641436426,0.12383480459100961,0.9047730450538856,-0.0020370305437352244,0.003030632556827682,-0.001356778292692042
5.28,-44.236761659516425,-0.27152260513251714,-0.05812886009934154,0.937810014378593,1.1755006576170173,0.1297933868011013,1.0199728917182684,-0.002182737598116431,0.0022351408066232617,-0.001291504734268089
5.29,-47.36486069586459,-0.2792439053704959,-0.04919781293358501,1.0076647283795457,1.1994805313925492,0.1115254103442516,1.0362333223700408,-0.0023519634124737963,0.0015865378518962823,-0.0012525361057773013
5.3,-49.80488771297114,-0.2866531729399181,-0.04292768881950246,1.0568094752808856,1.205628664668741,0.07775116452503596,0.9366739600509556,-0.002544776206732068,0.001303018312960815,-0.0011467846651947303
5.3100000000000005,-51.633791486077484,-0.2965319911187606,-0.03674463378176274,1.087233922840676,1.2077716263161697,0.04572518740638333,0.737373130876816,-0.002545648242230637,0.0013815806836406834,-0.0009374267018815339
5.32,-52.17921808748264,-0.30729029195687196,-0.030496987591626487,1.0869625640741811,1.2136674399276075,0.03229787596659678,0.44259553466879187,-0.002713981615063281,0.0015418546448400842,-0.0007968996389325361
5.33,-50.12033511887668,-0.31421125847155684,-0.02600124460399217,1.0298750093755078,1.2212295100478476,0.04115053780500176,0.08529756198502292,-0.003471613758729508,0.0010129431156489866,-0.00048340343794715904
5.34,-46.64214615787814,-0.32030747581810703,-0.024280152503222255,0.9335245782057557,1.2214832504862156,0.07048028248309768,-0.24947711861426944,-0.003894465819633308,0.0008255686504104746,-0.00031141782563647507
5.3500000000000005,-44.81428945867398,-0.3244180025325317,-0.023522355028886832,0.876530874892331,1.206870918015562,0.11751969767957271,-0.5525399996832514,-0.003948040993994861,0.0008175618076691962,-0.00013136032297764912
5.36,-45.10259620497225,-0.3290203932953003,-0.02170499542226978,0.87630324407879,1.1893643901817634,0.17188586243802823,-0.9053413747902471,-0.004433880491847085,0.0010697229349901634,0.0003909889507723204
5.37,-46.80181432944418,-0.33721053118774036,-0.017195230630114564,0.9100890781239248,1.18714531428699,0.22489121606147458,-1.2826278431197453,-0.004976992534174461,0.0013654423728477847,0.0017755847126335058
5.38,-48.49975688671188,-0.34938086045258665,-0.011042908048454536,0.937586209941117,1.1996429193255722,0.27700959615719123,-1.5925165216191832,-0.005013414053824288,0.0023086466424466602,0.0025243361383690717
5.39,-49.37795973022515,-0.3644091411504289,-0.005658466384276098,0.9394561560876589,1.2107174986013152,0.3263440560446057,-1.786959050071502,-0.004936527107055392,0.002201284387181852,0.0025031802331375664
5.4,-49.260208328805085,-0.3794907213179759,-0.0009176145499892457,0.9149330166770392,1.2167107115098081,0.3724372156420999,-1.8646824907689437,-0.004955120369027271,0.0021348007129323946,0.0026371735403239913
5.41,-48.340566242317266,-0.3924709855654892,0.004247955630869937,0.8705187986355575,1.2213852664978448,0.41483509217164194,-1.8577641643095855,-0.004987964022044086,0.0021876550901017613,0.0027033626653288185
5.42,-46.93031646114321,-0.402059931609663,0.010085528185853093,0.814453475119059,1.226237971079109,0.45389152938667426,-1.8119312486573138,-0.004917139691929251,0.0021785414167080357,0.002608668186444776
5.43,-45.40993590813983,-0.40861632867013664,0.016014442660035336,0.7559043618993931,1.2297408428886842,0.49170897136403313,-1.7614873783501952,-0.005002243831090469,0.0021777194249788046,0.002634963138213085
5.44,-44.01225529982702,-0.41332886856263407,0.02170688401073617,0.7002178918261006,1.2310530459187645,0.5307579333195531,-1.7190362172465576,-0.004915785008568845,0.002216453770113607,0.0026586873003236
5.45,-42.820891541798225,-0.41696804423516975,0.02726603852154673,0.6497373303035918,1.2298287215334354,0.5729130190754248,-1.6848843390775428,-0.004983453007558213,0.0021844235162260858,0.0026079773238533908
5.46,-41.858424354565194,-0.4197820798426537,0.03280202301871754,0.6060734731343752,1.2263113985562037,0.6196581425137687,-1.6563202504816683,-0.004912536477597765,0.0021538688717884346,0.0025483911772674387
5.47,-41.118632108232504,-0.4218212990714515,0.03828527373952699,0.5702988972589886,1.2206896629738606,0.6719353723684429,-1.6317583553737818,-0.0049754919247063335,0.002183260028935986,0.002553476653052561
5.48,-40.5755893238427,-0.42316390744057486,0.04361088909712407,0.5425276279000957,1.2135364396895705,0.7298337379087012,-1.6111724116187833,-0.004997397793816755,0.0022700389617937577,0.0025223843123566075
5.49,-40.19272908038174,-0.4239667754206812,0.04870700538634527,0.5219027993862152,1.2054370546913091,0.7926249328722443,-1.5949530415090507,-0.0050033294617758154,0.002368840933523766,0.0024750197992076833
5.5,-39.93441530718051,-0.4244166818469447,0.053572956354534226,0.5071158700734055,1.1968584572673344,0.8593298574351687,-1.5836707565771033,-0.00496195273902821,0.0025886769978474117,0.0023269367155978713
5.51,-39.77292075395169,-0.4246832263084085,0.05825372005245051,0.496916419598623,1.1880302436191257,0.9287138485859975,-1.5780614274746205,-0.004912668622054637,0.002667067962953736,0.0021798636790213003
5.5200000000000005,-39.690004229310254,-0.42489689473963843,0.06280671804993787,0.49036409629503247,1.1790820993574802,0.9998533986117999,-1.5794759553172648,-0.004795820112080413,0.0027544735408249967,0.00202179951389252
5.53,-39.67568714290179,-0.42514846351319147,0.06728117152528681,0.4868750476370842,1.1698482901777574,1.0720302934043748,-1.5902025087515115,-0.0047981790167594286,0.002897596925704716,0.0018711083553986188
5.54,-39.72589799703073,-0.4254884035658484,0.07170776198881539,0.48617161218177407,1.1603571288612782,1.1444732805705344,-1.6139010565850176,-0.004656704760629854,0.002968204342446933,0.001731051670342306
5.55,-39.83951571648722,-0.42592258906641445,0.07609345683554915,0.4881733603637994,1.150458916513067,1.2162865368382796,-1.656242106303012,-0.004514381244376497,0.002928923026964343,0.0015186479635895449
5.5600000000000005,-40.012234631592676,-0.426401449734898,0.08042034472202328,0.4927455013051665,1.1401274161787234,1.2862310300452076,-1.7247186068015468,-0.004275082833929822,0.002800778134145346,0.0014482410055489542
5.57,-40.226917929339415,-0.4268236671964424,0.08465342255479286,0.49926078675086477,1.1293672199489417,1.3524050306688817,-1.8274849825671273,-0.0040686106063909195,0.0026634449950133864,0.0014785948688522677
5.58,-40.444176672677514,-0.4271227210134916,0.08878651857674416,0.5060215818709243,1.1185071163608356,1.412121789443521,-1.9684670652958838,-0.003938231933667315,0.00255213391555965,0.0016148564618065128
5.59,-40.605940581592705,-0.427498870598664,0.0929237179245492,0.5099673234090575,1.10858095774872,1.4628224290632126,-2.142763728591297,-0.003651275379883753,0.0024752289641640974,0.0017579416618897323
5.6000000000000005,-40.64069533825479,-0.42856649851710427,0.097189578193024,0.5065419562693666,1.100957507976878,1.5028301663331753,-2.340720998283091,-0.003439595744517801,0.0023058491682675115,0.001954367392406055
5.61,-40.43768153985918,-0.4310090002849172,0.10126607079074545,0.4889463692911788,1.099002809144514,1.5300108595406623,-2.551940596816863,-0.0031725761316031887,0.001956371262714163,0.0020707064751603536
5.62,-39.85702695356216,-0.43467494030724574,0.10390990291189527,0.449454701386225,1.1100275783243627,1.5397947113930008,-2.743098205639542,-0.0027844211227523014,0.0012090120193828657,0.0023155630951342174
5.63,-39.12303226244438,-0.43821255703606965,0.10307249444771552,0.3993945010096013,1.1360494356810942,1.53172977905514,-2.8365508917946647,-0.0025950342858534676,0.0010835410563004829,0.0025673035237989295
5.64,-38.59968808099498,-0.4409784238012099,0.0987749409802787,0.3596438950488244,1.163982451739912,1.5137929173750408,-2.8126370455457157,-0.002622585460855861,0.0010486655814525654,0.002702378070881547
5.65,-38.15483682353352,-0.44267362299941293,0.09341899333971203,0.32514438095989007,1.1842895820200745,1.492810573339293,-2.751695278033893,-0.0026270518093326296,0.0011293610961136517,0.0026054181215490035
5.66,-37.689033858783944,-0.44287906925760034,0.08849051047459297,0.291451235781947,1.195712649273831,1.472945398804936,-2.7202276613872853,-0.0026557837521004836,0.0011956684570666345,0.002493180590051904
5.67,-37.21817359569936,-0.44144973554879385,0.08403226675719076,0.2606431047921422,1.2001399032917177,1.4559924588790882,-2.727550704410145,-0.002639783355664018,0.0012142388114708697,0.0025818926115423585
5.68,-36.754222014274134,-0.4384954615016823,0.07972413976939273,0.23421336939691217,1.1992211893795732,1.4423338319337102,-2.7627378356277665,-0.0027078871567427863,0.001239591896114394,0.002707821674015471
5.69,-36.295228765697004,-0.43421143879420465,0.075388518965759,0.21229173680872043,1.1941040165003254,1.4316780356781909,-2.816087802822114,-0.0027399315513701836,0.0011687337874607964,0.00285406049377792
5.7,-35.83819056883927,-0.42879142779002866,0.07100987279517837,0.19466532368020706,1.1856387146618894,1.4235710472631482,-2.8815367496733866,-0.00268364402606938,0.0010983796071220647,0.002948333682882886
5.71,-35.383618285758175,-0.4224036786283789,0.06663985695267344,0.18131052112885468,1.1744622460297351,1.4174322777364534,-2.9548681611039824,-0.0026025921239593644,0.00099387133548651,0.003048097178167417
5.72,-34.93618626918217,-0.4151847333167431,0.062300465560093415,0.17260037088411834,1.161066630924905,1.412764708330155,-3.032326211464374,-0.0025431962674081834,0.0008653097991037877,0.003165575345098157
5.73,-34.50573547480699,-0.40725265875069816,0.05792648760088938,0.1693943412845068,1.1459942141037378,1.4092989841026475,-3.1095612264410857,-0.0023815603050648874,0.0007341847081183633,0.0035412168249476395
5.74,-34.11088482624431,-0.39875604286152466,0.053363738459584656,0.17304152844037543,1.1297153612051694,1.4070707536685771,-3.1817057228936187,-0.002216726471492402,0.0006191231854578201,0.003825926932371033
5.75,-33.78486585218344,-0.38998533706516436,0.04841689327429694,0.185075030767551,1.1129432957878709,1.4064292257192843,-3.2425775954916216,-0.002095153348947117,0.0005219428234270206,0.0040407357404830075
5.76,-33.578081464184436,-0.3815039873330446,0.04291507668387626,0.2063935449580017,1.0970645710760356,1.408056932705266,-3.2853018910204392,-0.0020478319407952307,0.0004766670207508763,0.004203251400698931
5.7700000000000005,-33.5415637489849,-0.3741297190820265,0.03679231069048676,0.23584088075369625,1.084697335434335,1.4127347461657553,-3.3063453036228148,-0.0019614025431359166,0.0004669237731780866,0.004201568700025117
5.78,-33.674411483342865,-0.3685351867151927,0.03025149263567471,0.2686603360151627,1.0790954145452076,1.4208105400734312,-3.3143981942579352,-0.002005637461608018,0.0004468172442797065,0.004133355006692417
5.79,-33.88071465033476,-0.3646845911088754,0.023976697430637392,0.29740433639154196,1.0822273830495397,1.4322227761410273,-3.3376117583224767,-0.001978136798408096,0.00047698263397247134,0.0041911857471537
5.8,-34.045580585481744,-0.3621086959780454,0.019053277113835993,0.3169197812925004,1.0922141713900146,1.4477540937066349,-3.4153544347233877,-0.001928008971197869,0.00044608483292227685,0.004060994599992521
5.8100000000000005,-34.16172111621447,-0.3613246110104934,0.01670645100856135,0.32642562229020144,1.105036272631739,1.4696112514629431,-3.572066416003804,-0.0018772946587183455,0.0004432443549317627,0.004226015142841293
5.82,-34.3667886663227,-0.3647242591750074,0.017878160318037236,0.3278695623136485,1.1183687156277815,1.4979449239429348,-3.789528435255067,-0.0018066294606219045,0.0003339129445254105,0.00435814755242458
5.83,-34.7947546342346,-0.37406442520359673,0.02216111103989506,0.3242493797901758,1.1332054235798958,1.5284872068083106,-4.028945491644999,-0.0015906006217634029,0.0001916560914018136,0.004605235611789486
5.84,-35.40840117347542,-0.38788563553260746,0.027326241393922118,0.3175243221024317,1.150326345221111,1.5553095198439375,-4.269721068451338,-0.0013370191338097955,0.00012909693813837258,0.0048318138272423474
5.8500000000000005,-36.078144672490964,-0.40271712625763867,0.03043846900891433,0.3106254513355871,1.1684717712219677,1.5744229709612023,-4.501791703568243,-0.0012170201171923258,3.157835322152021e-05,0.005000407214621915
5.86,-36.67459970715151,-0.41571422909979616,0.02969925438163274,0.30502633830422665,1.1866263977566007,1.5860152046891904,-4.708593140666084,-0.0010744844784446744,-4.4814368489738765e-05,0.004920960235884751
5.87,-37.130311654936335,-0.4259683620751544,0.02527744434679792,0.2996893427676487,1.2055867022241318,1.592373071091183,-4.873711221317318,-0.0010337300438864022,-0.000164245207291293,0.005069420410209826
5.88,-37.442725676920084,-0.43366278887174803,0.018395882568083652,0.29384035988044,1.22689939569887,1.5952907904176,-4.993109389044626,-0.0009906065741171965,-0.00017140652721339957,0.005052773893374127
5.89,-37.621567914209976,-0.43921490739970903,0.010131297607114436,0.28653212827228797,1.2509335806689788,1.59570220833761,-5.072861299064561,-0.0010758136087123745,-0.00023777754808423167,0.004952558505416199
5.9,-37.66135486355918,-0.44291123021186063,0.0010813940368903895,0.2760922034154327,1.2774090961160096,1.5945757187053768,-5.122242850709732,-0.0010656963301328866,-0.00024462094100578303,0.004979019079890827
5.91,-37.538508819387516,-0.44477494217884395,-0.008464077553694695,0.2602390695231994,1.3057480743003358,1.5927388087313321,-5.149822574075522,-0.0010287672104067724,-0.0003021795415361906,0.004879102347929085
5.92,-37.21414581931466,-0.44452763348748603,-0.01832284008798486,0.23600861952683752,1.3352413645455443,1.59103484293552,-5.1616353206563454,-0.0010649082844033436,-0.00025743252425468387,0.004956469353035981
5.93,-36.64138225607153,-0.44155043663109383,-0.028295572823887113,0.19959563907476027,1.3650883557262932,1.5898739086504436,-5.161440688754514,-0.0010120794848500457,-0.0002575500618639775,0.004933242671805545
5.94,-35.78688634123603,-0.4348229905641411,-0.03808674602884711,0.14679618009296547,1.3934257836837896,1.589338821429825,-5.1496820706215205,-0.0009704796593114602,-0.00018983588718685766,0.004983081605944469
5.95,-34.66598770056213,-0.42279219058077677,-0.04725346650618142,0.07554392021515025,1.4159002042112179,1.5891838435034877,-5.119794964943619,-0.0009849605052180965,-0.0001098134232318162,0.005012561164628691
5.96,-33.368705442105494,-0.4036939319333731,-0.05478262943252866,-0.0055998755687057256,1.4242591796610744,1.5894584101479827,-5.04840176149825,-0.0008788634267509832,-5.395072071189654e-05,0.004925845192950217
5.97,-32.040048452885955,-0.37878415803454013,-0.058295567412611875,-0.07220844077447866,1.414549423133693,1.5895342950517621,-4.911323924541301,-0.0008534810001207103,2.028384153133241e-05,0.005036604193133821
5.98,-30.75894468796072,-0.3521306008662807,-0.05621692631338586,-0.1159396687137306,1.3968343823535145,1.590474209477624,-4.741986432605242,-0.0008377484711468258,-2.299050856957868e-05,0.004972436521300392
5.99,-29.493553622820897,-0.32504630205870244,-0.04973635061872227,-0.14147727347924668,1.3772284457470878,1.5966436598100844,-4.579185986439436,-0.0008826207078384481,1.7918106916719158e-05,0.004959520122838008
6.0,-28.223434041923788,-0.2983339651501131,-0.04085728525909339,-0.14696919794406704,1.357859509152241,1.610230686538591,-4.423841878093856,-0.0008996705856924538,6.196483351880025e-06,0.005107368634853447
6.01,-26.996664103503512,-0.2729438706109033,-0.031265876834523976,-0.13808814875654707,1.3413977339248608,1.6301293773799994,-4.2680897350635885,-0.000903478406425326,4.282189614340173e-05,0.005083689939729781
6.0200000000000005,-25.851190691066012,-0.2486223990982972,-0.022203986773488817,-0.12909023490524202,1.3279477569713554,1.653356576601287,-4.112577361711391,-0.0009444380939000063,7.745817094838367e-05,0.004922130839278564
6.03,-24.77503753818183,-0.2244770825011584,-0.014455060654816526,-0.13074128375607402,1.3150184070581117,1.6774340690869327,-3.9658443801965526,-0.0009736048800810162,0.000151741615336979,0.005031670401133088
6.04,-23.77611129835123,-0.20029863404179582,-0.008289372294671346,-0.14721217355566005,1.3004100679843182,1.7009001308545737,-3.8373761515196594,-0.0010280647885560596,0.00018926592159999677,0.004907157368132061
6.05,-22.904234978324485,-0.17649526313287378,-0.0037052729069974866,-0.17905149290294228,1.283664854305216,1.7234195812146775,-3.729244352892234,-0.001090506131051619,0.00011903408271735454,0.0049552257609911205
6.0600000000000005,-22.224967030599366,-0.1534218840017323,-0.0007842985000391309,-0.22523979712815767,1.265727217189517,1.7453341457583071,-3.6401596278013426,-0.001050919969105158,1.738471820136243e-05,0.004849643097708319
6.07,-21.79213923571442,-0.13135412743968022,0.0001451842331635228,-0.2820619080905491,1.2483784099706607,1.7668035719531103,-3.571689554803639,-0.0010076617784162557,-0.00017773890151489034,0.004814607201442729
6.08,-21.586027281527777,-0.11082731129224299,-0.0012029727077080346,-0.340220876490844,1.2335487599085686,1.7877391249875796,-3.5261198071118063,-0.0010093679059528934,-0.0004306555464690674,0.0048497290122593495
6.09,-21.484795428280215,-0.09241864475378292,-0.004785138869321852,-0.388982707842615,1.2211000128354306,1.8077940666995307,-3.5032650797481963,-0.0010457016936567991,-0.0007741811757096661,0.004764574418152573
6.1000000000000005,-21.371449275648114,-0.07628749723546613,-0.010249496158539359,-0.42421094687610933,1.2095130446722435,1.8273898219163973,-3.5001057539450446,-0.0010835830953016925,-0.0010180487530969107,0.004750944560655568
6.11,-21.203119415988276,-0.06222415443741802,-0.01698714137183719,-0.4475569462357181,1.1979551818966852,1.8474074755786876,-3.512948222630514,-0.001072645078791297,-0.0011344806966234859,0.0047461888881357465
6.12,-20.98498079844477,-0.049902839658246156,-0.024383579421890095,-0.46224258249475647,1.186276380099383,1.8685038782516037,-3.540358407513296,-0.00107351661908781,-0.0012061204357253082,0.004732103922342299
6.13,-20.73626774823978,-0.039047593191639196,-0.0319609760630845,-0.47102132832343224,1.1747673416381323,1.8910828050694304,-3.582989874162057,-0.0010134718791089468,-0.001262473984390099,0.004823734729929829
6.140000000000001,-20.47696169329572,-0.029481565109529817,-0.03934636684404018,-0.47588964496885694,1.16387650620859,1.9153166578993899,-3.641983104427644,-0.0009339788699419797,-0.0013267385499987684,0.005025624705561799
6.15,-20.22713671212925,-0.02110955090885902,-0.046202171652819035,-0.47842163083318323,1.1541550889794479,1.9411834248692668,-3.7174339100401887,-0.0008508709152201502,-0.0013349397963070156,0.004954607239884298
6.16,-20.011805462363586,-0.013877281406632025,-0.0521917045972347,-0.4802792654794296,1.146060855985249,1.968228026686304,-3.8059270066441737,-0.0008404160404650642,-0.0013945747309922958,0.005021843249905109
6.17,-19.86372876181525,-0.0077444813616797115,-0.05697928062966556,-0.48347541372909886,1.140112852005599,1.9957819022278576,-3.9010939270956757,-0.0006702392980561892,-0.0014625036702199453,0.004991692333659495
6.18,-19.81566560060766,-0.0026551863305255274,-0.06024721262704788,-0.48995978077225966,1.136273891076817,2.0231303793199613,-3.9945342841600944,-0.0006751470446868085,-0.0014936865760277775,0.0050010249474913135
6.19,-19.884070349498074,0.001513100083869956,-0.06175114264379404,-0.5007420671998809,1.1345994077688306,2.049631407076493,-4.077982292834112,-0.000618567550816009,-0.001560603019164995,0.005064080621492496
6.2,-20.064400365877116,0.004952207603897918,-0.061389115780518116,-0.515648602401594,1.1349399064668646,2.0750326515409103,-4.145013382513808,-0.0006230682926167622,-0.0016228537859111327,0.00499357801071299
6.21,-20.342694555706142,0.007840567954043642,-0.05924571233824376,-0.5339042342875426,1.1370273844013794,2.099312945401472,-4.190826055158639,-0.0006777154107825905,-0.0017863380460602064,0.005095634327946321
6.22,-20.70806094151349,0.010240456196313308,-0.055572218515416424,-0.5547134435462245,1.14050369828314,2.1228274828228066,-4.212223776636156,-0.000672543115136232,-0.0017832483132867816,0.005088891332257413
6.23,-21.154620571968767,0.012054479076008429,-0.05077473851558635,-0.5773404214033134,1.144631357772708,2.1455918456657233,-4.206534951137776,-0.0006723481723161349,-0.0018290029810965457,0.005065320357216468
6.24,-21.675112540996164,0.013047449825085433,-0.04545440319762091,-0.6009048047602901,1.148142605435867,2.1674252891227956,-4.1712553020281975,-0.0007055346630916388,-0.0019293337891263436,0.005001632726027004
6.25,-22.24711343221285,0.012942828162374798,-0.040478773244677566,-0.6240145108426284,1.1491272371237704,2.1881803350314626,-4.104122267446802,-0.0007651621732696127,-0.0019836463033312893,0.005088753963347824
6.26,-22.816641482014756,0.01162108427224462,-0.036885727295458026,-0.6444819591158152,1.1454197911093336,2.2079094221013,-4.005677531222669,-0.0007916116308768933,-0.0019651176387183392,0.0049857145550436955
6.2700000000000005,-23.29911517872202,0.009283492055844,-0.03542789127176718,-0.6596179218860972,1.1356527598609747,2.2269485862882483,-3.8826354079676606,-0.0008342405430108107,-0.0019577265712635676,0.0048049509304904
6.28,-23.597204706926718,0.006325409315757202,-0.036079887492275656,-0.6665997019611446,1.120440097882843,2.2460011410126564,-3.7488913604674385,-0.0008294843752878651,-0.0019833103670227653,0.004665347258197736
6.29,-23.60380760767134,0.003058162120471497,-0.03825108117256762,-0.6619506051206642,1.101740523202291,2.2658036479018784,-3.620686877105749,-0.0009162920897670548,-0.0020130071152066717,0.004606485653742216
6.3,-23.247693345627134,-0.00024392751086321773,-0.04143063201097008,-0.6429748622273807,1.08192017329487,2.28663834587439,-3.5107934946745063,-0.000997723903994924,-0.0019456715079817373,0.004461133708913691
6.3100000000000005,-22.60051187996717,-0.00295980729680112,-0.04535937435052853,-0.612290502805111,1.0626823428936363,2.3080000754009458,-3.4226498521571864,-0.001066961271464032,-0.0018826130449742275,0.004376633476540081
6.32,-21.86818295515169,-0.004177902271017886,-0.04954837087918451,-0.5786390245315081,1.0446696816193497,2.3289398346623438,-3.3475681447461345,-0.0010460990730586331,-0.001689706293168082,0.004248486150714916
6.33,-21.22700109437445,-0.0034514252387651823,-0.05303211496574693,-0.5504268127884806,1.0277387321986586,2.347944611571267,-3.2667380359682947,-0.001071798934778725,-0.0015936426577622957,0.00417705461579287
6.34,-20.754704160198802,-0.0011787740126580903,-0.05454291064308091,-0.5315343977789332,1.0119032329679674,2.363511490728232,-3.1525813554929476,-0.0011596344386705223,-0.0014778340136710677,0.004070083629907864
6.3500000000000005,-20.52372253754958,0.001332810444402699,-0.052242498166286844,-0.5241551258580208,0.9981640524906261,2.3745703646428917,-2.9657680551230388,-0.0011980648330975133,-0.0013429588432356547,0.003784542737915899
6.36,-20.742458646137326,0.0015601604736578123,-0.044318405181937415,-0.5342753299205655,0.9867919794967058,2.3858049549159217,-2.671499962015488,-0.0013773920557571368,-0.0010261994094444332,0.0034358623579005027
6.37,-21.52530912720649,-0.0017622857160075611,-0.03419029623412877,-0.5639355008271166,0.9717222638648151,2.4147066602924454,-2.3168149066158144,-0.001519504006029245,-0.0007302787844966972,0.0032028448513318165
6.38,-21.85599116829343,-0.004057337407706307,-0.028417960828521646,-0.5740938521522062,0.953745481925452,2.454612519391367,-2.0476625008967195,-0.0018065367754794802,-0.00045912244932567607,0.0026102840263455933
6.390000000000001,-21.5245405833409,-0.003566739198234803,-0.027148115047268245,-0.5595294509184128,0.9374723489566092,2.488160597489078,-1.8805070092386835,-0.001900170966247389,-5.5694365321108385e-05,0.002190803958091297
6.4,-21.003242348053163,-0.002216988498242145,-0.028510884258891034,-0.5374938510673918,0.9235563861798809,2.517467814087857,-1.7685432225033781,-0.0014938502458659516,0.0003611811096777592,0.0016024958753635076
6.41,-20.46375390667295,-0.0009125359652503162,-0.0318412622571459,-0.5138763382646458,0.911439847478616,2.5455542706568597,-1.687816587696541,-0.00136007210185782,0.0003257839134517553,0.0011389504080878577
6.42,-19.948733555190408,0.00014807104942859972,-0.03704405306741901,-0.49025030183535123,0.9004175435210942,2.574344107104749,-1.6283963569329925,-0.0013496426037732183,0.00022828489201166116,0.0007885383932819011
6.43,-19.467961891892152,0.0009589921040081828,-0.04409324734325233,-0.4670682227849772,0.8897837677073782,2.605004052602164,-1.5864457860960988,-0.0013392500089568383,0.0001411593890381159,0.0005631618095330457
6.44,-19.016554430849492,0.001565055398309756,-0.052872527356996324,-0.4441156528295052,0.8787681621322914,2.638203536872699,-1.5617691656896995,-0.0013756632038703152,7.64136202032943e-05,0.0004180367841570598
6.45,-18.580052806917166,0.00203213387153367,-0.06315336562092162,-0.42059355846932106,0.8667131016213263,2.67429207041728,-1.5563133602861565,-0.0013977763267788003,2.319563176947908e-05,0.0003149584421357419
6.46,-18.139528781354837,0.0024133489804273323,-0.07462844223698181,-0.39522134787597835,0.8531987449297639,2.713493791055863,-1.5733450260543216,-0.0013511703064192592,-3.159106423442986e-05,0.00023728397994490118
6.47,-17.681668274005787,0.002664312511594491,-0.08690048777861385,-0.3665433880346445,0.8381544961131302,2.7560137957738036,-1.6173088707975072,-0.0013723326995852595,-8.315178129981044e-05,0.00021609227319337445
6.48,-17.221683222312056,0.0024885117554396263,-0.09922204211183393,-0.33406629142112976,0.8229004771894526,2.8016428400560205,-1.6933530815058888,-0.0013132785176554385,-0.0001782576639902465,0.0002070122914348751
6.49,-16.828510688331825,0.0012297227500461805,-0.10987674298801214,-0.30046026479043764,0.8109831859715003,2.848769328811041,-1.8030221731127607,-0.0012484195882172826,-0.0003138071204840997,0.00026501565363015316
6.5,-16.570634589906234,-0.0017618387531765922,-0.11640630677581847,-0.26984565468906496,0.8064665124016885,2.8940722309337823,-1.934425678647977,-0.001171812828710315,-0.0005250232036315822,0.0004333464620997259
6.51,-16.40889511588778,-0.006415632821241135,-0.11785655648038625,-0.24012546577895927,0.808619415678171,2.935650559443622,-2.059583000090795,-0.0010737191974251607,-0.0007066490574781742,0.0007021600019749049
6.5200000000000005,-16.26197924554787,-0.011997896925258766,-0.11557634961723905,-0.2054462580432767,0.8123105673618045,2.975656225831529,-2.1523952810469593,-0.0012393093028292483,-0.0009112516950758016,0.0011438403912389828
6.53,-16.114533359638127,-0.01768236071115148,-0.11151923223494317,-0.1645950557423704,0.8126779591594253,3.017829505240838,-2.2043425281230817,-0.0013779747297532358,-0.0010207191956176863,0.0014648608231706739
6.54,-16.00437984411973,-0.022858640834813704,-0.10699638836274365,-0.12254961963918051,0.8060028266944329,3.0624698334679064,-2.2223721746992875,-0.0014357867929336067,-0.0010459940701902381,0.0015695806576746278
6.55,-15.963021645913079,-0.027404992077186052,-0.10251186006886343,-0.08626466709166543,0.7911025512394638,3.1061032112900686,-2.218168098443211,-0.001359532798342487,-0.0010019004932164217,0.0014667256296335507
6.5600000000000005,-15.990441546267512,-0.03172609702100415,-0.09810667472267945,-0.05873544334930546,0.7700894276223164,3.1460588861411933,-2.1978731107553005,-0.0013012538049216264,-0.000994372858683457,0.001330762900358515
6.57,-16.075808652924813,-0.03639752466819968,-0.09372895243927341,-0.03848890669072915,0.746546107195705,3.1827565002986065,-2.161359156579605,-0.0011025290987526147,-0.0009117826484045543,0.001075570953554389
6.58,-16.217623675474965,-0.04199913576661829,-0.08934566378417362,-0.022615779631953055,0.7235333729294269,3.2179816081603954,-2.105410678336586,-0.0008535320260570975,-0.0008159946857804502,0.0008247620449172345
6.59,-16.428210261755634,-0.04918648947017756,-0.08490671221148453,-0.008330886942369796,0.7035565231175276,3.253399850622207,-2.0271158808428478,-0.0006701230413881101,-0.0007622553787985343,0.0005675323797362758
6.6000000000000005,-16.733316544378024,-0.05876040224336476,-0.08032017975403932,0.006722275629388756,0.6888803230353105,3.2897525298543737,-1.9278995806158776,-0.0005950270941817992,-0.0007966693390562378,0.000401803426313085
6.61,-17.164670922317534,-0.07148265057343872,-0.07550068946243399,0.024141959176033283,0.6813863717251192,3.3269431544098635,-1.8170411902485735,-0.0006480126517058874,-0.0008348863832287302,0.00028982479654796636
6.62,-17.737092999284595,-0.08748093806676172,-0.07043387688130262,0.044779173439719655,0.68235924121784,3.3651751719476524,-1.709592131145449,-0.0007887353518176227,-0.0008395697195380815,0.00018942139214107572
6.63,-18.43139268213657,-0.1058441801686506,-0.06520804766246246,0.06987357052423539,0.6921553137992335,3.405746617720399,-1.619643845544553,-0.0009598068535916415,-0.0007856299519625549,7.628965502476204e-05
6.640000000000001,-19.2126365673444,-0.12509481162068004,-0.06010631207019444,0.10133809047073274,0.7096910767925014,3.4501298183217184,-1.5549522910446651,-0.0011402306361434449,-0.0007289218700444142,-1.4785150609251004e-05
6.65,-20.056232743368607,-0.1438731076351536,-0.055668868972096094,0.14041526941606736,0.7323521665130999,3.498925925777964,-1.5167480392301391,-0.0012778204504808985,-0.0006307893259030271,-9.880422116236469e-05
6.66,-20.94978382324169,-0.16113417749106618,-0.052519005844420916,0.18668303400902564,0.7564888623077906,3.5513628076797645,-1.5030721082483938,-0.0013553378868958884,-0.00047742604617708243,-0.00019451615965948203
6.67,-21.873836479604698,-0.175964501681118,-0.05098356054240162,0.23800160288792827,0.7782727847248407,3.605789050234497,-1.5133130674058122,-0.0015300475579716004,-0.00022308017248341455,-0.0003214975992560328
6.68,-22.774091337011612,-0.18733290394959923,-0.050778495555987804,0.2905652457793062,0.7949625411353508,3.6605270197957784,-1.55172752495266,-0.001719433285354615,9.510686854719751e-05,-0.0005348943147210951
6.69,-23.549770822952002,-0.1942479077999555,-0.05108276672124694,0.3390067182144016,0.8056181475825411,3.713994933125785,-1.6262013042050003,-0.001762853633415659,0.0002136760266703839,-0.0006324555351297907
6.7,-24.093640562912697,-0.19652461010290123,-0.051032797691176746,0.37780711993624505,0.8110402922080919,3.7646772935370714,-1.7421677422943298,-0.0016367853116635107,9.363551399065625e-05,-0.0004946193094147564
6.71,-24.350614742885153,-0.19539753630698276,-0.05000339468353726,0.40258790003706835,0.8135533748863998,3.8109677731898266,-1.8968162635557102,-0.0012429405559016115,-0.000276502855208826,-0.00018064353073271252
6.72,-24.33612615739039,-0.19307157930384866,-0.04731815908880933,0.41076373640577324,0.8162165806689583,3.8511963930454955,-2.0786266279477177,-0.0006421517973774811,-0.000533832202754472,0.00020613517193368065
6.73,-24.15388162382242,-0.19108501744275586,-0.04245183597627129,0.4060490788645466,0.8211756330960115,3.883481702849497,-2.2681061205519653,-0.00028449835640572524,-0.0005146902365791155,0.00047296994179155236
6.74,-23.920009413179326,-0.18949912985258366,-0.03585291593507234,0.3960939606375489,0.8291246840391514,3.9073823064657702,-2.442085853633365,-0.00015222527592745062,-0.0003842560136998146,0.0005982013630483628
6.75,-23.66526622709565,-0.18793186080017765,-0.028644685840648595,0.38399736997519673,0.8395208312155774,3.924419476885431,-2.581113410509778,-0.00018226611950961967,-0.00033491252401594975,0.0007245409767896412
6.76,-23.39606494158739,-0.1863231433175654,-0.02173536693307257,0.37033854653893455,0.8508737972587361,3.9365066927962338,-2.672709165798638,-0.00042198370584541013,-0.00043628230166876855,0.0008909181776540459
6.7700000000000005,-23.135187458910437,-0.18489281852462602,-0.015431790955771824,0.3561198415222363,0.8617928857848414,3.9449592482193805,-2.7125054486546567,-0.0006846941302322795,-0.0005599894504741477,0.0010472226649350096
6.78,-22.900307055768074,-0.18391485342741265,-0.009666281426990858,0.3418331002972479,0.8715857701218556,3.9501819246194465,-2.7040488930606013,-0.0007917323090442163,-0.0006333132597041988,0.0011371842421004543
6.79,-22.690978734627926,-0.18355915037423187,-0.004317184981850061,0.326769381028789,0.8798374465540303,3.9518079894148426,-2.657251908476376,-0.0007544401646945335,-0.0006495451356159116,0.0011095283997775377
6.8,-22.492412426264327,-0.18379200747366176,0.000716779372586962,0.3094196171067469,0.8859240396783791,3.9491300188588854,-2.586942617389753,-0.0006213514902201341,-0.0006095139964986631,0.000992966989906053
6.8100000000000005,-22.287298270033663,-0.1843535882060029,0.00556366017305665,0.2884417770286453,0.888958860634738,3.941560284853969,-2.5106156138194264,-0.00042899969069377545,-0.0005664806164319546,0.0008362532073858858
6.82,-22.069798106154753,-0.18490729082354296,0.01036035122506529,0.2635443393660215,0.8880281439001176,3.9289747935279116,-2.443753236527481,-0.00030565698200977093,-0.0005973493919083203,0.0006822618523146837
6.83,-21.85104420445638,-0.18525754387720528,0.015193706040715085,0.23565014595834266,0.8826271748904794,3.911906643296592,-2.3950898602229134,-0.0002800160304562101,-0.0006591354709672133,0.0005702075544896838
6.84,-21.651172063539253,-0.1854114375689705,0.0201112965843305,0.20636250823909794,0.8727657309859914,3.891336455555673,-2.3659459919428487,-0.00032976649523475024,-0.0007432939682645582,0.0005065364333087008
6.8500000000000005,-21.487444602801606,-0.18548466776812578,0.02516696623583134,0.17728471594314432,0.8588321237386448,3.868474460749325,-2.353191098241121,-0.00038575392385490134,-0.0007924473760023728,0.0004649616263697032
6.86,-21.368469400448166,-0.18560128114134378,0.030430053730166898,0.14961376443800467,0.8413393430872098,3.844464621590345,-2.352568113395769,-0.0004139505462120571,-0.0008080551086414242,0.0004285062122041325
6.87,-21.29456798364981,-0.1858390774384413,0.035969925880392294,0.124076358007582,0.8207305677940997,3.820201289875868,-2.360757428624234,-0.0004642578049763635,-0.0008434693345212203,0.000407126385732427
6.88,-21.26009461734243,-0.18620481409921175,0.04184817695661171,0.10106046480459822,0.7974909245438084,3.7964057395800563,-2.3761646266810232,-0.0004901751471128739,-0.0008369017847703049,0.0003819831070730693
6.890000000000001,-21.25554693782175,-0.18663063011338188,0.048124641450469796,0.0807645464479428,0.7721509453995138,3.773520548177592,-2.3986501148387176,-0.0005059987924115241,-0.0008271250099962162,0.0003866063977317509
6.9,-21.269327613899343,-0.18698966257667227,0.05486848069484356,0.06327184293338117,0.745321258092272,3.751746075465068,-2.428895169574223,-0.000514885209341328,-0.0008079043051631094,0.00037014635880467625
6.91,-21.2897301574927,-0.18712990226954385,0.06216222869537262,0.048549070943539774,0.7176468100394999,3.731009469948723,-2.467499521974329,-0.0005180878032892874,-0.0008071705149994884,0.0003923791143581014
6.92,-21.306733894771636,-0.18690840686610022,0.07009408840758324,0.036428100613122696,0.6897671124333198,3.7111134428645527,-2.514497606206526,-0.0004765928592230148,-0.000759326889676304,0.0004114934858365914
6.93,-21.313301986376867,-0.1862180039609348,0.07873837415216632,0.026596715488297326,0.6621327179274511,3.691671180756196,-2.569013806062788,-0.00045628638506767775,-0.0007535493986732444,0.00048459844518745703
6.94,-21.305792658228842,-0.1849988545202914,0.08813738455430618,0.018604623131172005,0.6350605341384703,3.6723223535803045,-2.6295244768295136,-0.00040734836551705155,-0.0007415753032714431,0.0005914178923531626
6.95,-21.283722713287816,-0.18323678405764254,0.09829767744137671,0.011905030590671883,0.608621469264964,3.6526842396767343,-2.6943657767178713,-0.0003569061002353193,-0.0007598028657144706,0.0007338728411774201
6.96,-21.248991521981704,-0.18095362637525136,0.10920509019732877,0.005949812436465932,0.5826703538361924,3.6323774747685533,-2.7622584257370684,-0.00031149201129531426,-0.0008262346046020717,0.000934778719517576
6.97,-21.204850205080284,-0.1781939918731409,0.12084737507370874,0.00032089453861007533,0.556874134260925,3.6110386899499347,-2.832544694017039,-0.0003008247579943055,-0.0009362891336162018,0.0012128819680414487
6.98,-21.15483240245356,-0.1750135850913157,0.13322764020251476,-0.005151859065520598,0.5308213072949398,3.588241119016273,-2.904999574209133,-0.0003180851006235905,-0.0011586133031622112,0.0016443782168632346
6.99,-21.101794443213258,-0.17146716461282385,0.146366048524935,-0.0103342787530432,0.5041531102224045,3.5636202456916064,-2.979661027413014,-0.0002928634650989023,-0.001433204741816795,0.002138607314968478
